2.960
4.594
3.345
1.905
3.136
2.345
1.143
2.471
4.038
7.984
2.799
2.754
2.895
1.193
2.593
5.198
6.877
1.117
8.191
1.926
4.048
2.335
3.686
2.867
5.408
4.753
4.711
0.813
2.792
1.450
2.028
0.983
2.757
0.742
0.942
0.974
1.708
8.431
4.603
3.462
5.411
3.498
4.039
6.786
4.647
5.968
5.097
4.029
2.705
3.490
7.289
6.034
5.100
3.336
4.656
3.706
3.532
4.647
2.384
3.986
8.049
4.450
6.025
7.495
4.674
3.770
3.685
5.141
3.112
1.516
3.556
4.300
4.706
5.497
3.365
2.331
1.495
4.786
2.411
3.012
5.539
3.980
3.313
2.849
1.467
2.799
4.514
3.246
1.643
1.318
2.547
2.270
5.229
4.797
1.432
1.817
2.085
2.049
1.784
1.921
1.392
2.106
1.919
2.137
1.510
1.869
3.915
1.362
1.573
1.466
6.861
3.438
4.157
6.240
4.398
2.528
3.897
2.170
3.799
3.608
5.161
3.640
4.024
3.277
14.212
3.562
4.863
4.096
5.631
7.235
4.347
8.060
4.881
3.763
5.300
10.038
6.299
3.710
9.611
6.481
3.963
5.197
3.661
2.298
4.617
7.488
3.519
4.079
3.625
2.006
1.054
0.766
0.451
0.736
0.556
0.268
0.559
0.936
1.882
0.658
0.638
0.662
0.276
0.615
1.269
1.520
0.274
1.897
0.453
0.950
0.569
0.883
0.698
1.320
1.223
1.209
0.224
0.827
0.478
0.659
0.362
0.863
0.271
0.251
0.258
0.463
2.313
1.330
1.039
1.646
0.977
1.165
1.862
1.227
1.695
1.436
1.100
0.753
0.983
1.912
1.699
1.476
0.959
1.251
0.998
1.003
1.217
0.670
1.052
1.519
1.082
1.573
1.844
1.098
0.936
0.917
1.344
0.768
0.402
0.914
1.119
1.193
1.330
0.827
0.616
0.421
1.267
0.694
0.798
1.399
1.098
0.859
0.719
0.386
0.707
1.170
0.917
0.495
0.392
0.741
0.632
1.502
1.306
0.419
0.510
0.602
0.603
0.543
0.561
0.416
0.615
0.509
0.629
0.450
0.544
1.107
0.418
0.461
0.422
1.806
0.952
1.228
1.707
1.234
0.722
1.109
0.628
0.934
0.932
1.330
0.941
1.022
0.830
3.296
0.907
1.235
1.095
1.427
1.783
1.225
2.013
1.363
0.966
1.427
2.575
1.699
0.988
2.476
1.718
1.112
1.363
0.977
0.608
1.203
1.848
0.962
1.100
0.966
0.541
1.251
0.723
1.218
0.909
0.413
0.935
1.601
3.177
1.029
1.059
1.058
0.462
0.993
2.033
2.591
0.461
3.304
0.745
1.609
0.964
1.447
1.218
2.227
1.981
1.959
0.366
1.069
0.572
0.851
0.415
1.105
0.340
0.398
0.436
0.692
3.398
1.824
1.397
2.353
1.404
1.681
2.682
1.679
2.356
1.947
1.514
1.034
1.315
2.689
2.383
1.955
1.283
1.785
1.345
1.364
1.990
0.931
1.606
2.361
1.677
2.306
2.874
1.785
1.528
1.406
2.047
1.192
0.596
1.370
1.733
1.828
1.976
1.266
0.930
0.564
1.911
1.029
1.193
2.253
1.672
1.336
1.174
0.627
1.272
1.926
1.387
0.722
0.542
1.037
0.885
2.231
1.985
0.626
0.741
0.807
0.796
0.692
0.751
0.569
0.816
0.758
0.854
0.590
0.731
1.557
0.538
0.606
0.572
2.630
1.368
1.580
2.422
1.648
0.972
1.635
0.917
1.435
1.407
2.006
1.416
1.531
1.221
5.166
1.396
1.878
1.597
2.184
2.738
1.773
3.176
2.060
1.833
2.257
3.995
2.437
1.498
3.825
2.685
1.526
2.205
1.399
0.928
1.778
2.814
1.354
1.555
1.352
0.767
0.488
0.811
0.596
0.292
0.616
0.989
2.048
0.699
0.679
0.707
0.295
0.699
1.308
1.652
0.305
2.041
0.502
1.061
0.617
0.967
0.758
1.433
1.314
1.325
0.241
0.769
0.467
0.564
0.301
0.814
0.239
0.307
0.324
0.542
2.365
1.330
1.016
1.719
1.060
1.234
2.029
1.320
1.818
1.499
1.174
0.812
1.048
2.046
1.799
1.560
1.028
1.369
1.047
1.025
1.329
0.711
1.108
1.627
1.230
1.692
1.955
1.186
1.013
0.977
1.370
0.800
0.388
0.927
1.154
1.244
1.351
0.920
0.608
0.430
1.318
0.735
0.933
1.581
1.078
0.898
0.766
0.418
0.760
1.232
1.022
0.525
0.411
0.866
0.649
1.632
1.405
0.458
0.587
0.665
0.647
0.567
0.568
0.423
0.676
0.587
0.730
0.464
0.598
1.230
0.472
0.496
0.475
1.995
1.041
1.250
1.908
1.315
0.788
1.169
0.688
1.082
1.030
1.430
1.000
1.126
0.862
3.844
0.978
1.291
1.156
1.541
1.922
1.310
2.147
1.414
1.168
1.534
2.586
1.631
1.029
2.553
1.785
1.093
1.426
1.004
0.689
1.218
1.968
1.110
1.223
1.075
0.620
0.516
0.397
0.204
0.413
0.646
1.296
0.472
0.454
0.475
0.212
0.438
0.842
1.062
0.212
1.311
0.329
0.671
0.392
0.595
0.505
0.917
0.894
0.877
0.155
0.460
0.274
0.373
0.180
0.466
0.152
0.203
0.195
0.321
1.347
0.772
0.603
0.971
0.620
0.712
1.157
0.769
1.060
0.894
0.676
0.482
0.640
1.200
1.098
0.928
0.647
0.853
0.628
0.602
0.805
0.457
0.738
0.932
0.732
1.029
1.169
0.779
0.653
0.596
0.865
0.512
0.262
0.579
0.695
0.726
0.841
0.545
0.417
0.281
0.822
0.456
0.552
0.973
0.713
0.583
0.503
0.288
0.506
0.805
0.576
0.319
0.283
0.490
0.411
0.928
0.830
0.298
0.375
0.415
0.397
0.352
0.362
0.285
0.420
0.386
0.426
0.304
0.361
0.697
0.279
0.304
0.302
1.191
0.598
0.725
1.069
0.779
0.453
0.716
0.425
0.612
0.628
0.877
0.582
0.649
0.565
2.075
0.604
0.791
0.718
0.918
1.129
0.784
1.275
0.913
0.715
0.954
1.572
1.007
0.689
1.546
1.159
0.732
0.909
0.606
0.439
0.786
1.164
0.626
0.693
0.641
0.379
0.644
0.315
0.662
1.109
2.186
0.747
0.687
0.776
0.325
0.730
1.380
1.752
0.323
2.148
0.503
1.016
0.665
0.973
0.770
1.553
1.369
1.290
0.244
0.757
0.375
0.558
0.291
0.792
0.222
0.279
0.305
0.497
2.368
1.279
1.001
1.681
1.039
1.219
2.002
1.294
1.775
1.486
1.175
0.798
1.006
2.049
1.807
1.523
1.036
1.367
1.008
0.998
1.339
0.704
1.073
1.645
1.213
1.632
2.018
1.198
1.065
0.976
1.389
0.813
0.374
0.968
1.108
1.160
1.355
0.829
0.618
0.406
1.356
0.719
0.816
1.462
1.061
0.856
0.739
0.408
0.772
1.197
0.852
0.448
0.356
0.697
0.667
1.592
1.415
0.439
0.552
0.650
0.623
0.538
0.560
0.394
0.646
0.591
0.655
0.470
0.541
1.171
0.414
0.479
0.441
2.011
1.004
1.202
1.900
1.286
0.758
1.145
0.657
1.032
0.978
1.403
1.003
1.060
0.871
3.587
0.917
1.261
1.153
1.448
1.875
1.191
2.167
1.423
1.124
1.549
2.647
1.723
1.021
2.546
1.937
1.118
1.419
0.968
0.656
1.201
1.929
0.964
1.080
0.938
0.534
0.307
0.460
0.774
1.584
0.572
0.545
0.576
0.246
0.544
1.046
1.287
0.245
1.601
0.396
0.804
0.490
0.759
0.603
1.094
1.057
1.051
0.200
0.570
0.314
0.449
0.225
0.571
0.184
0.247
0.221
0.405
1.581
0.937
0.739
1.156
0.757
0.915
1.399
0.921
1.265
1.110
0.817
0.580
0.786
1.461
1.309
1.109
0.772
1.020
0.751
0.796
0.959
0.510
0.770
1.088
0.896
1.222
1.353
0.874
0.791
0.723
1.041
0.633
0.315
0.698
0.854
0.896
1.017
0.654
0.464
0.337
1.013
0.576
0.656
1.162
0.839
0.703
0.643
0.320
0.613
0.953
0.711
0.395
0.352
0.587
0.494
1.191
0.997
0.349
0.439
0.467
0.474
0.428
0.448
0.342
0.476
0.471
0.483
0.375
0.446
0.858
0.329
0.382
0.354
1.388
0.723
0.849
1.348
0.940
0.567
0.852
0.497
0.775
0.737
1.028
0.702
0.771
0.662
2.477
0.711
0.947
0.877
1.111
1.317
0.931
1.546
1.051
0.859
1.130
1.933
1.245
0.827
1.890
1.397
0.872
1.123
0.760
0.531
0.926
1.449
0.764
0.840
0.755
0.459
0.257
0.390
0.744
0.282
0.278
0.267
0.115
0.246
0.506
0.600
0.121
0.800
0.203
0.363
0.250
0.385
0.297
0.550
0.538
0.509
0.103
0.294
0.162
0.226
0.105
0.294
0.096
0.121
0.120
0.199
0.792
0.464
0.359
0.587
0.382
0.499
0.708
0.471
0.631
0.562
0.390
0.269
0.393
0.727
0.657
0.558
0.369
0.476
0.362
0.397
0.483
0.279
0.406
0.594
0.438
0.595
0.681
0.458
0.394
0.356
0.515
0.319
0.155
0.348
0.434
0.450
0.495
0.333
0.252
0.169
0.493
0.290
0.325
0.556
0.424
0.345
0.311
0.183
0.305
0.454
0.352
0.197
0.159
0.294
0.247
0.564
0.479
0.176
0.222
0.251
0.247
0.217
0.220
0.155
0.235
0.227
0.259
0.187
0.225
0.426
0.165
0.191
0.177
0.718
0.374
0.450
0.671
0.463
0.287
0.432
0.259
0.392
0.375
0.569
0.369
0.395
0.339
1.198
0.347
0.477
0.419
0.550
0.684
0.469
0.763
0.538
0.418
0.570
0.948
0.627
0.421
0.942
0.692
0.431
0.541
0.392
0.261
0.464
0.731
0.375
0.429
0.374
0.231
0.835
1.695
0.603
0.587
0.593
0.245
0.543
1.101
1.386
0.259
1.729
0.433
0.886
0.509
0.803
0.655
1.172
1.097
1.088
0.210
0.610
0.329
0.479
0.238
0.630
0.191
0.241
0.249
0.418
1.870
1.028
0.953
1.276
0.809
0.944
1.530
0.985
1.336
1.175
0.914
0.605
0.816
1.598
1.358
1.157
0.793
1.055
0.818
0.823
1.009
0.547
0.818
1.177
0.904
1.192
1.517
0.981
0.815
0.774
1.105
0.618
0.336
0.758
0.929
0.930
1.051
0.638
0.526
0.326
1.027
0.587
0.690
1.254
0.903
0.697
0.656
0.358
0.652
1.029
0.716
0.401
0.320
0.612
0.521
1.241
1.084
0.357
0.448
0.506
0.498
0.429
0.471
0.339
0.564
0.447
0.527
0.365
0.451
0.917
0.331
0.384
0.397
1.580
0.783
0.938
1.455
1.012
0.583
0.966
0.528
0.828
0.756
1.121
0.781
0.854
0.708
2.773
0.754
1.004
0.902
1.176
1.414
0.992
1.648
1.020
0.880
1.151
2.239
1.407
0.991
2.110
1.511
0.918
1.208
0.850
0.557
1.040
1.654
0.841
0.928
0.811
0.477
2.916
0.993
0.959
0.976
0.410
0.928
1.871
2.441
0.412
2.799
0.660
1.423
0.881
1.377
1.045
2.039
1.797
1.859
0.340
1.000
0.496
0.778
0.357
0.976
0.288
0.379
0.385
0.678
3.028
1.602
1.334
2.083
1.240
1.424
2.407
1.598
2.111
1.753
1.411
0.952
1.247
2.489
2.200
1.936
1.312
1.808
1.397
1.335
1.766
0.929
1.403
2.221
1.591
2.196
2.777
1.588
1.418
1.286
1.811
1.132
0.485
1.276
1.514
1.659
2.004
1.244
0.886
0.557
1.717
0.929
1.152
2.117
1.512
1.267
1.006
0.527
1.041
1.672
1.167
0.649
0.492
0.912
0.767
1.907
1.797
0.496
0.704
0.726
0.710
0.621
0.703
0.537
0.745
0.661
0.753
0.533
0.662
1.439
0.474
0.542
0.514
2.468
1.259
1.577
2.470
1.616
0.977
1.490
0.850
1.357
1.300
1.840
1.276
1.469
1.141
5.043
1.301
1.716
1.509
2.018
2.526
1.678
2.886
1.878
1.429
1.988
3.456
2.434
1.455
3.444
2.423
1.418
1.878
1.276
0.845
1.681
2.728
1.229
1.441
1.238
0.706
1.758
1.703
1.782
0.805
1.651
3.502
4.181
0.729
5.322
1.238
2.614
1.552
2.400
1.915
3.684
3.453
3.367
0.571
1.817
1.039
1.677
0.706
1.991
0.583
0.733
0.768
1.311
6.236
3.382
2.525
4.234
2.626
3.045
5.185
3.278
4.537
3.833
2.901
1.955
2.394
4.987
4.310
3.559
2.335
3.211
2.404
2.485
3.077
1.658
2.670
3.817
2.836
4.000
4.910
2.887
2.470
2.330
3.318
1.994
0.954
2.280
2.776
2.983
3.429
2.138
1.552
1.015
3.215
1.700
2.038
3.749
2.701
2.230
1.903
1.036
1.915
3.111
2.357
1.147
1.002
1.912
1.680
4.028
3.574
1.094
1.383
1.613
1.576
1.383
1.466
1.071
1.635
1.473
1.687
1.159
1.429
3.046
1.050
1.181
1.162
5.275
2.547
3.022
4.515
3.041
1.893
2.742
1.548
2.539
2.336
3.322
2.323
2.522
2.128
8.577
2.226
3.046
2.683
3.582
4.597
2.987
5.222
3.426
2.610
3.618
6.826
4.171
2.587
6.443
4.528
2.721
3.646
2.519
1.620
3.137
4.911
2.384
2.759
2.722
1.499
0.654
0.696
0.292
0.650
1.249
1.572
0.291
1.935
0.485
1.026
0.590
0.917
0.738
1.376
1.279
1.253
0.220
0.678
0.376
0.536
0.268
0.670
0.214
0.267
0.284
0.469
1.966
1.111
0.832
1.408
0.844
1.051
1.830
1.086
1.503
1.321
0.984
0.666
0.941
1.768
1.589
1.283
0.879
1.243
0.933
0.928
1.180
0.644
0.928
1.288
1.031
1.351
1.566
1.001
0.900
0.847
1.141
0.754
0.371
0.853
1.022
1.064
1.246
0.788
0.610
0.400
1.227
0.688
0.797
1.391
0.995
0.850
0.773
0.463
0.729
1.144
0.826
0.463
0.369
0.704
0.589
1.358
1.226
0.419
0.522
0.585
0.561
0.504
0.551
0.404
0.556
0.592
0.612
0.438
0.534
1.029
0.393
0.420
0.420
1.745
0.880
1.046
1.580
1.101
0.678
1.123
0.549
0.881
0.895
1.250
0.812
0.961
0.768
3.044
0.865
1.070
1.021
1.348
1.633
1.147
1.923
1.318
1.017
1.362
2.381
1.546
1.005
2.326
1.687
1.031
1.362
0.961
0.904
1.166
1.822
0.871
1.047
0.909
0.516
0.645
0.291
0.587
1.218
1.555
0.308
1.859
0.472
0.929
0.581
0.887
0.644
1.267
1.225
1.233
0.223
0.643
0.364
0.526
0.252
0.702
0.203
0.235
0.272
0.458
1.867
1.066
0.820
1.317
0.854
0.967
1.570
1.076
1.404
1.191
0.904
0.662
0.870
1.781
1.576
1.312
0.888
1.172
0.867
0.900
1.123
0.629
0.937
1.483
0.980
1.398
1.745
1.174
0.917
0.847
1.195
0.840
0.361
0.835
1.048
1.005
1.231
0.812
0.586
0.383
1.191
0.631
0.726
1.327
1.008
0.798
0.680
0.365
0.694
1.124
0.777
0.431
0.349
0.645
0.514
1.371
1.151
0.375
0.498
0.565
0.554
0.467
0.476
0.363
0.538
0.516
0.586
0.410
0.490
0.966
0.342
0.390
0.404
1.709
0.859
0.959
1.536
1.121
0.662
0.979
0.588
0.884
0.871
1.227
0.863
0.937
0.784
3.030
0.850
1.121
1.007
1.274
1.617
1.115
1.950
1.259
0.952
1.407
2.393
1.552
0.970
2.244
1.621
0.984
1.310
0.938
0.565
1.130
1.837
0.888
0.937
0.858
0.480
0.263
0.589
1.188
1.451
0.260
1.861
0.439
0.986
0.542
0.843
0.697
1.257
1.154
1.190
0.211
0.636
0.375
0.520
0.269
0.708
0.211
0.270
0.280
0.476
2.079
1.183
0.882
1.483
0.926
1.078
1.760
1.245
1.571
1.351
1.006
0.706
0.931
1.755
1.555
1.348
0.914
1.159
0.910
0.958
1.136
0.646
1.002
1.472
1.070
1.451
1.730
1.125
0.954
0.866
1.280
0.702
0.333
0.828
1.072
1.093
1.141
0.796
0.591
0.404
1.168
0.677
0.730
1.310
0.944
0.771
0.678
0.367
0.667
1.165
0.770
0.450
0.361
0.703
0.596
1.411
1.195
0.407
0.516
0.581
0.570
0.458
0.533
0.390
0.594
0.529
0.609
0.429
0.525
1.070
0.388
0.445
0.419
1.811
0.933
1.120
1.629
1.159
0.681
1.006
0.605
0.946
0.877
1.285
0.895
0.966
0.796
3.156
0.853
1.172
1.013
1.347
1.710
1.158
1.953
1.306
0.944
1.375
2.472
1.533
0.981
2.215
1.618
0.945
1.242
0.888
0.580
1.069
1.697
0.826
1.037
0.939
0.549
0.277
0.522
0.622
0.125
0.808
0.204
0.409
0.251
0.389
0.316
0.571
0.557
0.535
0.103
0.291
0.160
0.230
0.116
0.302
0.096
0.119
0.128
0.201
0.834
0.479
0.372
0.599
0.375
0.434
0.727
0.459
0.655
0.567
0.426
0.313
0.392
0.772
0.649
0.565
0.390
0.529
0.394
0.415
0.492
0.257
0.413
0.588
0.444
0.611
0.710
0.471
0.403
0.376
0.533
0.317
0.162
0.336
0.437
0.460
0.505
0.330
0.257
0.160
0.517
0.289
0.333
0.590
0.436
0.357
0.320
0.183
0.309
0.488
0.366
0.200
0.159
0.299
0.253
0.587
0.515
0.175
0.222
0.246
0.248
0.217
0.231
0.171
0.255
0.226
0.258
0.186
0.215
0.429
0.170
0.194
0.179
0.725
0.381
0.451
0.655
0.464
0.283
0.437
0.259
0.386
0.380
0.539
0.377
0.407
0.343
1.273
0.368
0.481
0.446
0.568
0.692
0.489
0.805
0.535
0.432
0.577
0.990
0.642
0.432
0.978
0.714
0.438
0.571
0.407
0.274
0.491
0.758
0.389
0.407
0.396
0.234
1.117
1.410
0.275
1.809
0.449
0.910
0.557
0.859
0.653
1.286
1.235
1.165
0.214
0.614
0.357
0.498
0.243
0.645
0.203
0.257
0.290
0.441
1.748
1.011
0.807
1.256
0.876
0.943
1.486
0.990
1.387
1.286
0.922
0.636
0.846
1.650
1.385
1.180
0.902
1.445
0.853
0.897
1.064
0.600
0.900
1.289
0.957
1.379
1.525
1.028
0.886
0.789
1.146
0.745
0.347
0.785
0.947
0.982
1.108
0.743
0.543
0.378
1.140
0.631
0.756
1.200
0.904
0.772
0.735
0.399
0.686
1.070
0.795
0.440
0.355
0.648
0.550
1.244
1.059
0.378
0.485
0.517
0.542
0.479
0.504
0.367
0.566
0.497
0.529
0.382
0.514
0.918
0.341
0.402
0.393
1.551
0.797
0.975
1.468
1.007
0.639
0.956
0.583
0.882
0.844
1.194
0.805
0.886
0.770
2.787
0.801
1.063
0.926
1.213
1.483
1.056
1.698
1.215
0.974
1.275
2.058
1.549
0.927
2.017
1.572
0.980
1.220
0.893
0.605
1.067
1.623
0.836
0.958
0.881
0.528
2.943
0.523
3.721
0.827
1.702
0.998
1.616
1.290
2.367
2.184
2.138
0.398
1.191
0.616
0.899
0.441
1.286
0.355
0.435
0.458
0.777
4.120
2.146
1.615
2.685
1.687
1.991
3.325
2.181
2.976
2.529
1.954
1.296
1.670
3.476
3.024
2.455
1.551
2.224
1.656
1.701
2.100
1.124
1.759
2.689
1.844
2.648
3.155
1.914
1.587
1.481
2.152
1.291
0.673
1.466
1.840
1.923
2.272
1.373
1.010
0.661
2.077
1.111
1.318
2.437
1.782
1.451
1.245
0.664
1.230
2.048
1.453
0.758
0.599
1.147
0.981
2.443
2.142
0.732
0.852
1.033
1.039
0.915
0.948
0.689
1.088
0.957
1.121
0.775
0.937
2.047
0.688
0.798
0.749
3.334
1.680
2.021
3.164
2.095
1.273
1.828
1.084
1.700
1.673
2.318
1.629
1.769
1.434
5.899
1.605
2.176
1.746
2.347
3.135
1.940
3.373
2.183
1.708
2.314
4.358
2.823
2.040
4.225
2.940
1.751
2.361
1.665
1.046
1.990
3.491
1.572
1.798
1.567
0.898
0.621
4.698
1.072
2.301
1.335
2.290
1.853
3.469
3.112
3.088
0.547
1.785
0.878
1.358
0.634
1.823
0.505
0.647
0.643
1.099
5.530
3.138
2.315
3.647
2.245
2.693
4.866
2.726
3.771
3.007
2.516
1.642
2.059
4.365
3.787
3.071
1.965
2.792
2.148
2.106
2.789
1.417
2.250
3.430
2.476
3.356
4.215
2.572
2.091
1.999
2.840
1.690
0.813
1.959
2.419
2.692
2.978
1.886
1.323
0.875
2.780
1.460
1.751
3.295
2.839
2.116
1.721
0.939
1.920
3.026
2.155
1.092
0.863
1.677
1.454
3.619
3.252
0.905
1.216
1.353
1.356
1.231
1.246
0.937
1.415
1.261
1.415
0.975
1.236
2.621
0.875
1.012
0.958
4.365
2.167
2.610
3.931
2.579
1.522
2.349
1.351
2.021
2.027
2.871
2.033
2.195
1.748
7.543
1.917
2.860
2.392
3.111
4.122
2.531
4.706
3.036
2.231
3.144
5.873
3.817
2.232
6.374
3.919
2.502
3.477
2.426
1.545
2.953
4.799
2.270
2.675
2.363
1.334
0.771
0.203
0.397
0.239
0.368
0.293
0.542
0.501
0.523
0.102
0.295
0.161
0.224
0.115
0.297
0.095
0.115
0.114
0.187
0.765
0.455
0.350
0.555
0.344
0.448
0.688
0.437
0.593
0.560
0.410
0.283
0.363
0.711
0.637
0.545
0.389
0.502
0.367
0.395
0.469
0.247
0.389
0.532
0.404
0.592
0.637
0.408
0.365
0.350
0.515
0.312
0.160
0.337
0.409
0.433
0.485
0.323
0.247
0.168
0.500
0.291
0.328
0.571
0.413
0.372
0.320
0.171
0.301
0.466
0.349
0.184
0.158
0.298
0.243
0.547
0.510
0.177
0.221
0.248
0.244
0.216
0.235
0.174
0.255
0.227
0.248
0.186
0.226
0.406
0.167
0.188
0.180
0.694
0.367
0.434
0.647
0.459
0.284
0.424
0.251
0.393
0.369
0.525
0.364
0.395
0.339
1.187
0.341
0.466
0.431
0.508
0.632
0.471
0.760
0.533
0.428
0.547
0.873
0.584
0.415
0.890
0.665
0.438
0.539
0.399
0.250
0.467
0.683
0.365
0.425
0.362
0.221
1.388
2.937
1.769
2.812
2.270
4.166
3.743
3.647
0.717
2.137
1.057
1.588
0.712
2.127
0.553
0.736
0.797
1.324
6.254
3.555
2.458
4.161
2.560
2.984
5.005
3.272
4.245
3.830
2.870
1.977
2.534
5.175
4.574
3.738
2.412
3.696
2.837
2.800
3.647
1.921
2.991
4.200
3.302
4.526
5.349
3.169
2.854
2.625
3.621
2.079
1.096
2.392
2.916
3.244
3.579
2.386
1.605
1.061
3.452
1.846
2.160
3.982
2.856
2.368
1.964
1.060
1.986
3.305
2.304
1.205
0.938
1.877
1.572
3.968
3.520
1.039
1.333
1.502
1.478
1.311
1.424
1.016
1.530
1.379
1.562
1.084
1.471
2.934
0.995
1.121
1.130
5.042
2.495
2.990
5.143
3.507
2.046
3.012
1.757
2.717
2.640
3.886
2.628
2.829
2.373
9.885
2.587
3.409
2.869
3.839
4.952
3.168
5.660
3.512
2.693
3.821
7.231
4.550
2.706
6.908
4.940
2.763
3.824
2.646
1.692
3.132
5.394
2.538
2.912
2.642
1.431
0.617
0.370
0.605
0.460
0.870
0.793
0.784
0.147
0.444
0.237
0.344
0.166
0.435
0.129
0.172
0.173
0.290
1.276
0.716
0.581
0.907
0.587
0.716
1.205
0.761
1.088
0.913
0.692
0.465
0.633
1.231
1.117
0.931
0.631
0.841
0.635
0.657
0.785
0.447
0.677
0.995
0.739
1.036
1.195
0.766
0.650
0.606
0.870
0.526
0.261
0.578
0.702
0.751
0.827
0.561
0.440
0.277
0.841
0.438
0.536
0.965
0.724
0.575
0.522
0.286
0.515
0.799
0.580
0.297
0.229
0.440
0.375
0.945
0.801
0.281
0.349
0.360
0.368
0.309
0.398
0.276
0.407
0.367
0.428
0.301
0.358
0.708
0.270
0.303
0.287
1.234
0.615
0.737
1.116
0.768
0.456
0.728
0.418
0.645
0.619
0.875
0.607
0.676
0.533
2.158
0.592
0.798
0.713
0.926
1.174
0.787
1.287
0.867
0.659
0.950
1.701
1.040
0.688
1.586
1.157
0.708
0.868
0.658
0.409
0.774
1.229
0.605
0.731
0.641
0.368
0.834
1.334
1.052
1.850
1.768
1.665
0.327
0.981
0.494
0.766
0.366
1.027
0.304
0.382
0.392
0.651
3.091
1.696
1.301
2.137
1.350
1.544
2.490
1.707
2.305
1.897
1.512
1.060
1.340
2.579
2.315
1.847
1.284
1.753
1.320
1.385
1.672
0.886
1.397
2.156
1.542
2.021
2.586
1.453
1.235
1.163
1.651
1.007
0.480
1.192
1.380
1.552
1.708
1.083
0.768
0.509
1.737
0.862
1.061
1.897
1.370
1.129
0.952
0.518
0.988
1.553
1.106
0.650
0.472
1.020
0.859
2.045
1.787
0.556
0.727
0.795
0.768
0.706
0.754
0.550
0.833
0.762
0.798
0.618
0.724
1.703
0.542
0.618
0.577
2.612
1.420
1.491
2.366
1.668
0.988
1.503
0.868
1.335
1.307
1.831
1.292
1.350
1.151
4.669
1.263
1.715
1.386
1.810
2.302
1.488
2.758
1.706
1.367
1.786
3.322
2.144
1.289
3.233
2.308
1.349
1.822
1.251
0.822
1.638
2.580
1.243
1.381
1.215
0.752
0.796
0.631
1.156
1.119
1.095
0.201
0.601
0.324
0.452
0.233
0.613
0.184
0.232
0.241
0.407
1.800
0.995
0.761
1.247
0.786
0.929
1.488
0.963
1.359
1.157
0.887
0.605
0.796
1.632
1.311
1.136
0.762
1.046
0.780
0.782
1.000
0.555
0.829
1.260
0.906
1.216
1.518
0.966
0.871
0.749
1.065
0.662
0.322
0.683
0.865
0.895
0.984
0.656
0.497
0.343
1.037
0.535
0.683
1.231
0.893
0.732
0.631
0.353
0.631
1.019
0.727
0.404
0.318
0.603
0.507
1.284
1.077
0.339
0.445
0.483
0.486
0.433
0.463
0.321
0.496
0.464
0.516
0.371
0.453
0.876
0.317
0.362
0.367
1.497
0.789
0.912
1.342
0.934
0.584
0.893
0.525
0.831
0.779
1.062
0.755
0.835
0.675
2.739
0.731
1.004
0.900
1.175
1.451
0.903
1.637
1.129
0.858
1.128
2.081
1.325
0.868
1.944
1.466
0.908
1.166
0.839
0.519
1.004
1.570
0.775
0.916
0.785
0.472
0.994
1.899
1.692
1.717
0.313
0.922
0.510
0.706
0.342
0.988
0.287
0.357
0.374
0.648
2.887
1.566
1.181
1.988
1.232
1.466
2.401
1.542
2.170
1.804
1.420
0.907
1.255
2.454
2.247
1.809
1.188
1.515
1.165
1.249
1.474
0.787
1.231
1.820
1.380
2.109
2.226
1.414
1.180
1.085
1.589
0.934
0.454
1.096
1.435
1.645
1.817
1.131
0.817
0.539
1.686
0.915
1.085
1.944
1.416
1.184
1.000
0.531
1.001
1.610
1.158
0.603
0.501
1.010
0.814
2.107
1.704
0.544
0.666
0.781
0.753
0.688
0.725
0.532
0.799
0.733
0.807
0.604
0.694
1.380
0.521
0.565
0.509
2.479
1.164
1.429
2.275
1.555
0.925
1.487
0.844
1.352
1.312
1.781
1.214
1.294
1.007
3.901
1.083
1.613
1.396
1.795
2.340
1.620
2.789
1.790
1.386
1.926
3.547
2.561
1.353
4.046
2.331
1.489
1.945
1.424
0.907
1.687
2.624
1.212
1.449
1.293
0.724
1.452
1.494
1.421
0.226
0.708
0.395
0.568
0.288
0.828
0.230
0.303
0.303
0.551
2.778
1.513
0.924
1.534
1.028
1.142
1.849
1.303
1.802
1.383
1.086
0.755
0.955
1.915
1.767
1.582
0.968
1.461
0.925
1.059
1.276
0.709
1.100
1.516
1.121
1.604
2.032
1.250
1.098
1.010
1.431
0.846
0.396
0.932
1.169
1.296
1.699
0.914
0.648
0.448
1.325
0.763
0.862
1.625
1.160
1.035
0.808
0.446
0.793
1.347
0.949
0.530
0.413
0.825
0.596
1.529
1.347
0.436
0.582
0.649
0.603
0.534
0.562
0.420
0.588
0.547
0.575
0.412
0.575
1.215
0.435
0.500
0.497
1.977
0.983
1.181
2.097
1.299
0.740
1.132
0.700
0.958
0.949
1.374
0.963
1.069
0.885
3.720
1.035
1.305
1.136
1.714
1.973
1.240
2.255
1.405
1.081
1.664
2.944
1.895
1.072
2.717
1.949
1.074
1.475
1.001
0.671
1.381
2.128
1.128
1.245
0.972
0.595
2.521
2.768
0.477
1.571
0.715
1.080
0.554
1.650
0.443
0.537
0.510
0.956
4.293
2.523
1.819
2.936
1.717
1.985
3.797
2.432
3.133
2.449
1.914
1.309
2.012
3.753
3.249
2.668
1.657
2.345
1.715
1.942
2.437
1.307
2.030
3.149
2.223
3.021
3.816
2.337
1.955
1.814
2.630
1.860
0.729
1.739
2.183
2.303
3.029
1.693
1.300
0.847
2.333
1.374
1.629
2.959
2.186
1.710
1.425
0.792
1.511
2.488
1.754
0.930
0.727
1.401
1.087
2.830
2.510
0.775
0.927
1.164
1.155
1.001
1.063
0.772
1.136
1.096
1.199
0.766
0.934
1.960
0.676
0.849
0.731
3.414
1.668
2.005
3.243
2.341
1.357
2.059
1.385
1.938
1.825
2.576
1.812
1.960
1.705
7.462
1.667
2.383
2.071
3.040
3.900
2.377
4.123
2.806
2.156
2.625
5.709
3.354
2.193
5.106
3.357
1.914
2.750
1.994
1.300
2.474
4.099
1.780
2.031
2.048
0.982
2.267
0.438
1.268
0.730
0.928
0.444
1.307
0.407
0.510
0.477
0.849
3.168
1.868
1.431
2.352
1.532
1.822
2.859
1.957
2.541
2.298
1.640
1.148
1.596
3.854
3.101
2.663
1.851
2.308
1.667
1.779
2.098
1.269
1.900
2.733
1.993
3.056
3.466
2.139
1.637
1.601
2.349
1.505
0.733
1.470
1.753
1.842
2.090
1.337
1.177
0.791
2.461
1.286
1.365
2.592
1.935
1.599
1.312
0.692
1.219
2.187
1.458
0.906
0.634
1.302
1.078
2.453
2.042
0.759
0.913
1.120
1.079
0.930
0.951
0.705
1.040
0.923
1.062
0.740
1.060
1.863
0.727
0.837
0.825
3.163
1.700
2.106
3.004
2.047
1.274
1.927
1.104
1.814
1.669
2.362
1.777
1.936
1.509
5.525
1.531
2.072
1.809
2.229
2.759
2.125
3.343
2.266
1.860
2.790
4.229
2.721
1.966
4.485
2.898
1.864
2.269
1.637
1.076
1.953
2.950
1.519
1.850
1.581
0.910
0.381
1.137
0.651
0.887
0.433
1.160
0.359
0.452
0.519
0.791
3.317
1.923
1.480
2.458
1.525
1.871
2.907
1.944
3.180
2.546
1.841
1.342
1.792
3.635
3.211
2.475
1.781
2.339
1.721
1.713
2.018
1.188
1.777
2.554
1.931
2.974
3.188
1.921
1.735
1.549
2.370
1.276
0.626
1.576
1.819
2.134
2.498
1.413
1.098
0.740
2.129
1.159
1.364
2.524
1.894
1.582
1.348
0.830
1.443
2.264
1.577
0.843
0.682
1.241
1.075
2.458
2.083
0.721
0.957
1.013
0.970
0.846
0.933
0.725
1.011
0.918
1.096
0.822
0.988
1.885
0.742
0.848
0.864
3.280
1.641
2.106
3.201
2.151
1.241
1.949
1.130
1.710
1.612
2.485
1.632
1.771
1.603
5.447
1.596
2.138
1.983
2.319
2.906
2.067
3.428
2.563
1.803
2.319
4.349
2.707
1.851
4.045
2.908
1.956
2.427
1.774
1.218
2.004
3.348
1.692
1.776
1.614
0.933
0.207
0.116
0.163
0.081
0.213
0.070
0.088
0.091
0.145
0.590
0.350
0.262
0.417
0.307
0.364
0.601
0.370
0.508
0.451
0.338
0.235
0.303
0.580
0.513
0.447
0.308
0.411
0.303
0.320
0.384
0.220
0.322
0.487
0.387
0.525
0.563
0.367
0.313
0.279
0.438
0.252
0.132
0.293
0.329
0.357
0.409
0.267
0.210
0.135
0.391
0.232
0.277
0.467
0.346
0.289
0.261
0.141
0.246
0.388
0.281
0.160
0.123
0.237
0.201
0.479
0.389
0.149
0.178
0.188
0.189
0.171
0.186
0.151
0.205
0.177
0.188
0.150
0.190
0.346
0.137
0.155
0.141
0.543
0.303
0.348
0.519
0.360
0.238
0.346
0.209
0.313
0.299
0.418
0.286
0.323
0.276
0.973
0.291
0.382
0.356
0.465
0.539
0.376
0.618
0.427
0.386
0.450
0.759
0.520
0.332
0.802
0.582
0.346
0.464
0.319
0.208
0.369
0.550
0.303
0.351
0.308
0.194
0.379
0.549
0.289
0.767
0.198
0.276
0.285
0.475
2.461
1.250
1.047
1.893
0.981
1.106
1.850
1.200
1.656
1.384
1.093
0.765
0.950
2.151
1.726
1.377
0.978
1.339
0.978
0.985
1.202
0.615
1.051
1.529
1.167
1.655
1.804
1.223
0.964
0.888
1.347
0.771
0.393
0.902
1.052
1.202
1.367
0.884
0.668
0.488
1.400
0.688
0.802
1.495
1.090
0.832
0.752
0.408
0.771
1.147
0.860
0.429
0.377
0.760
0.614
1.500
1.308
0.382
0.522
0.617
0.545
0.494
0.535
0.406
0.644
0.564
0.614
0.527
0.558
1.102
0.390
0.447
0.441
1.946
0.982
1.153
1.804
1.236
0.704
1.047
0.643
1.028
0.941
1.300
0.981
1.011
0.802
3.326
0.954
1.295
0.984
1.599
1.880
1.295
1.994
1.258
1.038
1.434
2.702
1.689
1.017
2.658
1.921
0.999
1.473
1.007
0.650
1.245
2.063
0.883
1.091
0.909
0.573
0.281
0.133
0.338
0.122
0.173
0.160
0.275
1.011
0.637
0.478
0.760
0.494
0.571
0.912
0.578
0.877
0.730
0.542
0.381
0.509
0.956
0.816
0.751
0.511
0.733
0.497
0.512
0.618
0.353
0.526
0.757
0.561
0.739
1.050
0.604
0.512
0.440
0.677
0.414
0.203
0.460
0.549
0.580
0.646
0.423
0.342
0.230
0.647
0.349
0.400
0.741
0.576
0.434
0.412
0.226
0.405
0.611
0.437
0.253
0.203
0.389
0.335
0.813
0.632
0.235
0.285
0.325
0.329
0.272
0.297
0.217
0.330
0.311
0.346
0.248
0.296
0.546
0.216
0.262
0.237
0.924
0.475
0.568
0.895
0.600
0.372
0.567
0.331
0.519
0.485
0.699
0.478
0.535
0.441
1.773
0.463
0.655
0.572
0.710
0.860
0.623
1.079
0.687
0.555
0.727
1.211
0.858
0.539
1.206
0.921
0.566
0.723
0.518
0.342
0.600
0.919
0.467
0.555
0.493
0.299
0.221
0.526
0.172
0.211
0.209
0.388
1.648
0.913
0.704
1.173
0.730
0.838
1.384
0.906
1.346
1.128
0.810
0.562
0.765
1.406
1.267
1.058
0.717
1.008
0.731
0.757
0.968
0.483
0.738
1.219
0.823
1.214
1.344
0.867
0.742
0.699
1.013
0.581
0.309
0.657
0.820
0.782
1.129
0.692
0.503
0.315
0.980
0.513
0.655
1.200
0.772
0.693
0.623
0.344
0.629
0.900
0.675
0.356
0.283
0.535
0.462
1.098
0.886
0.318
0.431
0.456
0.442
0.396
0.418
0.316
0.463
0.424
0.554
0.334
0.401
0.812
0.299
0.357
0.334
1.531
0.715
0.859
1.322
0.916
0.542
0.843
0.481
0.772
0.710
1.067
0.711
0.742
0.715
2.471
0.680
0.927
0.819
1.055
1.219
0.800
1.426
0.958
0.777
1.103
2.084
1.182
0.758
1.773
1.425
0.799
1.065
0.827
0.484
0.892
1.395
0.657
0.831
0.743
0.426
0.256
0.090
0.110
0.112
0.175
0.733
0.413
0.325
0.518
0.346
0.392
0.639
0.407
0.569
0.494
0.380
0.268
0.342
0.638
0.572
0.476
0.349
0.453
0.340
0.384
0.424
0.267
0.380
0.520
0.384
0.574
0.616
0.414
0.349
0.327
0.459
0.306
0.150
0.317
0.396
0.437
0.468
0.302
0.227
0.148
0.450
0.257
0.314
0.515
0.402
0.320
0.274
0.153
0.264
0.456
0.344
0.185
0.149
0.273
0.235
0.517
0.453
0.151
0.205
0.219
0.212
0.189
0.209
0.155
0.227
0.194
0.228
0.173
0.199
0.376
0.152
0.170
0.163
0.633
0.337
0.385
0.601
0.421
0.256
0.385
0.238
0.350
0.340
0.474
0.343
0.354
0.321
1.117
0.342
0.441
0.374
0.492
0.592
0.421
0.697
0.474
0.373
0.534
0.913
0.561
0.384
0.838
0.614
0.417
0.497
0.364
0.253
0.438
0.694
0.360
0.398
0.358
0.213
0.229
0.300
0.301
0.513
2.419
1.278
1.090
1.826
1.011
1.157
1.968
1.294
1.731
1.426
1.154
0.795
1.004
2.142
1.819
1.448
0.904
1.321
0.954
1.019
1.303
0.651
1.066
1.640
1.179
1.639
1.921
1.357
1.003
0.962
1.359
0.822
0.455
0.953
1.187
1.238
1.485
0.860
0.657
0.413
1.466
0.714
0.918
1.509
1.130
0.853
0.849
0.430
0.756
1.386
0.944
0.515
0.376
0.689
0.597
1.582
1.373
0.432
0.489
0.565
0.600
0.526
0.550
0.413
0.653
0.552
0.620
0.510
0.550
1.250
0.419
0.474
0.426
1.998
1.115
1.228
1.972
1.262
0.739
1.096
0.631
1.024
0.981
1.503
1.038
1.086
0.808
3.688
0.979
1.293
1.139
1.551
2.027
1.257
2.319
1.532
1.103
1.469
2.791
1.805
1.049
2.627
1.868
1.139
1.568
1.025
0.749
1.349
2.222
0.959
1.096
0.958
0.536
0.079
0.084
0.141
0.626
0.359
0.263
0.404
0.277
0.326
0.528
0.343
0.461
0.412
0.318
0.199
0.286
0.533
0.470
0.425
0.282
0.376
0.275
0.292
0.339
0.204
0.290
0.406
0.306
0.450
0.491
0.329
0.280
0.263
0.382
0.221
0.122
0.260
0.304
0.314
0.373
0.239
0.187
0.124
0.394
0.196
0.243
0.420
0.307
0.265
0.236
0.131
0.222
0.349
0.258
0.146
0.118
0.212
0.179
0.431
0.370
0.137
0.164
0.197
0.181
0.158
0.170
0.125
0.181
0.170
0.191
0.134
0.158
0.302
0.132
0.143
0.137
0.542
0.261
0.322
0.488
0.364
0.212
0.310
0.197
0.303
0.276
0.386
0.277
0.305
0.252
0.907
0.258
0.369
0.333
0.400
0.510
0.412
0.555
0.386
0.344
0.405
0.661
0.444
0.291
0.661
0.473
0.320
0.398
0.295
0.195
0.342
0.508
0.276
0.323
0.279
0.165
0.107
0.183
0.739
0.413
0.331
0.548
0.331
0.431
0.680
0.438
0.576
0.539
0.384
0.267
0.373
0.668
0.583
0.500
0.370
0.464
0.336
0.365
0.462
0.253
0.359
0.508
0.382
0.549
0.663
0.417
0.389
0.333
0.474
0.299
0.145
0.310
0.401
0.398
0.474
0.309
0.233
0.159
0.466
0.267
0.301
0.527
0.404
0.309
0.292
0.164
0.284
0.455
0.324
0.178
0.147
0.274
0.241
0.594
0.452
0.168
0.217
0.228
0.232
0.195
0.213
0.164
0.235
0.212
0.234
0.175
0.205
0.393
0.152
0.199
0.172
0.647
0.323
0.407
0.593
0.448
0.268
0.395
0.247
0.382
0.336
0.484
0.354
0.368
0.326
1.085
0.332
0.430
0.404
0.493
0.673
0.413
0.685
0.488
0.398
0.505
0.861
0.577
0.388
0.820
0.702
0.418
0.494
0.377
0.255
0.440
0.631
0.316
0.389
0.369
0.220
0.194
0.780
0.449
0.343
0.542
0.383
0.443
0.650
0.430
0.554
0.630
0.392
0.290
0.385
0.696
0.614
0.530
0.384
0.466
0.347
0.391
0.444
0.269
0.389
0.563
0.423
0.602
0.711
0.437
0.390
0.367
0.514
0.312
0.152
0.330
0.394
0.427
0.504
0.314
0.240
0.163
0.482
0.276
0.311
0.542
0.398
0.347
0.318
0.170
0.300
0.445
0.347
0.186
0.151
0.283
0.224
0.539
0.490
0.176
0.222
0.245
0.245
0.208
0.223
0.170
0.254
0.226
0.254
0.188
0.226
0.413
0.170
0.190
0.168
0.710
0.344
0.419
0.647
0.446
0.280
0.470
0.251
0.380
0.360
0.521
0.358
0.378
0.332
1.224
0.360
0.445
0.425
0.530
0.664
0.462
0.716
0.574
0.423
0.564
0.877
0.589
0.429
0.925
0.656
0.427
0.528
0.402
0.266
0.482
0.680
0.364
0.411
0.366
0.236
1.466
0.726
0.588
0.945
0.622
0.722
1.105
0.835
1.056
0.922
0.618
0.445
0.604
1.168
1.030
0.879
0.632
0.826
0.638
0.676
0.779
0.450
0.668
0.977
0.741
1.074
1.129
0.734
0.759
0.592
0.853
0.519
0.257
0.566
0.691
0.707
0.826
0.598
0.414
0.275
0.798
0.419
0.499
0.974
0.683
0.557
0.493
0.283
0.497
0.763
0.569
0.312
0.237
0.470
0.423
0.918
0.792
0.287
0.333
0.364
0.393
0.341
0.369
0.253
0.430
0.351
0.380
0.308
0.379
0.770
0.272
0.304
0.303
1.234
0.601
0.715
1.061
0.763
0.464
0.738
0.423
0.634
0.607
0.869
0.607
0.683
0.529
1.995
0.641
0.769
0.701
0.893
1.067
0.782
1.293
0.885
0.704
0.935
1.555
0.947
0.672
1.564
1.159
0.718
0.906
0.635
0.459
0.839
1.258
0.608
0.700
0.693
0.394
3.708
3.161
5.650
3.219
3.954
5.678
4.082
5.071
4.110
3.480
2.181
2.724
6.223
5.098
3.836
2.554
3.737
3.001
3.493
3.952
2.282
3.410
5.633
3.868
4.600
7.203
4.287
3.178
2.985
4.300
2.569
1.186
2.937
3.682
3.591
4.329
2.322
1.831
1.102
3.754
1.934
2.288
4.490
3.424
2.676
2.235
1.458
2.549
3.633
2.644
1.327
0.998
2.011
1.680
4.461
3.684
1.092
1.469
1.564
1.567
1.353
1.409
1.080
1.585
1.438
1.631
1.146
1.394
3.226
1.021
1.192
1.086
5.555
2.640
3.354
5.435
3.654
2.250
3.503
1.912
3.005
3.032
4.193
2.928
3.134
2.528
11.796
2.868
4.713
4.042
4.017
6.341
3.328
6.198
3.799
2.942
4.203
8.758
5.110
2.873
8.343
5.168
3.270
4.071
2.883
1.825
3.517
6.341
2.863
3.331
2.774
1.533
1.446
2.370
1.438
1.699
2.878
1.961
2.574
2.107
1.654
1.155
1.477
3.031
2.662
2.132
1.398
1.924
1.475
1.476
1.874
1.010
1.563
2.336
1.736
2.348
3.244
1.991
1.712
1.561
2.218
1.355
0.650
1.645
2.057
1.991
2.580
1.523
1.062
0.690
2.123
1.159
1.461
2.485
1.996
1.398
1.349
0.673
1.213
2.036
1.395
0.702
0.648
1.305
1.044
2.681
2.468
0.650
0.829
0.926
0.868
0.890
0.874
0.686
0.991
0.884
1.026
0.721
0.819
1.869
0.650
0.720
0.739
3.162
1.460
1.802
2.841
1.901
1.095
1.733
1.103
1.545
1.432
2.163
1.547
1.845
1.422
5.917
1.562
2.140
1.811
2.532
3.247
1.943
3.432
2.135
1.755
2.436
4.554
2.763
1.642
4.331
3.102
1.854
2.421
1.594
1.174
2.179
4.233
1.779
2.001
1.506
0.852
1.853
1.267
1.360
2.229
1.456
2.052
1.701
1.421
0.889
1.242
2.449
2.075
1.662
1.092
1.510
1.247
1.150
1.474
0.784
1.222
1.768
1.298
1.787
2.178
1.399
1.150
1.079
1.529
0.941
0.446
1.054
1.511
1.531
1.732
1.176
0.867
0.532
1.769
0.919
1.052
2.136
1.522
1.085
0.964
0.546
1.072
1.656
1.248
0.589
0.456
0.902
0.843
2.133
1.810
0.541
0.640
0.740
0.775
0.617
0.715
0.483
0.810
0.669
0.781
0.554
0.688
1.332
0.454
0.521
0.485
2.402
1.215
1.472
2.366
1.549
0.905
1.343
0.726
1.155
1.193
1.718
1.204
1.296
1.128
3.940
1.033
1.520
1.337
2.026
2.487
1.587
2.682
1.684
1.321
1.837
3.478
2.260
1.326
3.578
2.405
1.333
1.758
1.293
0.854
1.649
2.519
1.262
1.463
1.271
0.696
2.005
2.535
3.778
2.497
3.399
2.850
2.276
1.622
1.858
4.158
3.542
2.948
1.803
2.709
1.919
1.967
2.616
1.296
2.015
3.445
2.268
3.011
3.747
2.258
1.890
1.765
2.509
1.527
0.714
1.767
2.146
2.299
2.725
1.712
1.179
0.812
2.486
1.295
1.576
3.249
2.344
1.998
1.676
0.879
1.678
2.690
1.887
0.995
0.796
1.578
1.310
3.269
2.980
0.830
1.004
1.241
1.199
1.061
1.122
0.811
1.221
1.144
1.267
0.907
1.072
2.292
0.829
0.919
0.830
4.144
1.943
2.462
3.469
2.621
1.473
2.323
1.295
2.132
2.038
2.869
1.772
2.158
1.658
6.908
1.735
2.415
2.056
2.897
3.713
2.291
4.066
2.556
2.008
2.873
5.361
3.361
1.956
4.966
3.811
2.263
3.198
2.258
1.510
2.834
4.485
2.135
2.375
2.019
1.111
1.421
2.698
1.651
2.368
1.777
1.464
1.002
1.286
2.641
2.298
1.868
1.189
1.749
1.182
1.314
1.532
0.822
1.219
2.147
1.417
2.007
2.471
1.531
1.295
1.278
1.603
1.123
0.540
1.257
1.550
1.811
2.048
1.235
0.888
0.576
1.789
0.828
0.990
1.808
1.309
1.050
1.042
0.556
1.066
1.708
1.106
0.566
0.449
0.962
0.836
2.019
1.672
0.549
0.742
0.781
0.826
0.677
0.718
0.541
0.808
0.684
0.795
0.567
0.708
1.448
0.531
0.582
0.576
2.501
1.226
1.434
2.405
1.709
1.009
1.549
0.826
1.222
1.160
1.658
1.186
1.334
1.105
4.455
1.174
1.692
1.435
1.863
2.484
1.704
2.967
1.803
1.402
1.761
3.274
2.317
1.417
3.140
2.258
1.276
1.800
1.433
0.772
1.574
2.844
1.331
1.580
1.290
0.783
3.239
1.738
2.466
2.099
1.663
1.194
1.521
3.403
2.472
2.082
1.437
2.072
1.561
1.534
1.727
0.964
1.459
2.243
1.692
2.364
2.785
1.803
1.477
1.353
1.918
1.113
0.581
1.302
1.514
1.769
2.249
1.227
0.853
0.612
1.912
1.063
1.245
2.243
1.551
1.346
1.187
0.640
1.169
1.874
1.231
0.716
0.577
1.109
0.856
2.161
1.864
0.586
0.745
0.884
0.820
0.748
0.849
0.619
0.924
0.816
0.944
0.640
0.825
1.688
0.599
0.719
0.683
2.900
1.480
1.639
2.705
1.874
1.040
1.728
0.959
1.398
1.385
2.152
1.284
1.562
1.273
4.739
1.472
1.691
1.617
2.151
2.674
1.627
2.861
1.922
1.504
1.984
3.394
2.801
1.643
3.635
2.649
1.661
2.074
1.446
0.978
1.698
2.771
1.336
1.499
1.406
0.777
3.045
3.948
3.264
2.575
1.803
2.292
4.736
4.168
3.324
2.241
3.410
2.627
2.510
3.242
1.717
2.669
3.994
3.194
4.334
5.039
3.080
2.355
2.295
3.390
2.040
0.939
2.371
2.788
2.972
3.392
2.106
1.593
0.962
3.676
1.743
2.010
3.689
2.720
2.371
1.795
0.962
1.926
3.045
2.124
1.230
0.860
1.711
1.436
3.509
3.176
0.962
1.202
1.375
1.361
1.188
1.284
0.957
1.559
1.302
1.426
0.998
1.236
2.597
0.899
1.016
0.992
4.453
2.185
2.663
5.314
3.298
1.801
2.879
1.609
2.511
2.512
3.533
2.349
3.076
2.012
9.669
2.236
3.055
2.744
3.639
4.656
2.860
5.133
3.197
2.849
3.950
6.915
4.109
2.600
6.698
4.317
2.494
3.407
2.363
1.506
2.960
4.893
2.256
2.586
2.277
1.326
2.647
2.123
1.729
1.149
1.481
3.112
2.742
2.224
1.412
2.011
1.521
1.508
1.951
1.027
1.669
2.645
1.999
2.405
3.052
1.804
1.540
1.440
2.062
1.231
0.580
1.474
1.840
1.963
2.178
1.397
0.949
0.632
2.004
1.026
1.290
2.380
1.743
1.373
1.153
0.621
1.186
2.244
1.445
0.745
0.557
1.141
0.989
2.337
2.132
0.610
0.783
0.890
0.871
0.753
0.808
0.584
0.889
0.817
0.923
0.644
0.797
1.924
0.597
0.678
0.619
2.989
1.474
1.887
2.783
1.890
1.073
1.697
0.945
1.520
1.471
2.065
1.638
1.542
1.250
5.574
1.423
2.000
1.790
2.260
2.932
1.864
3.381
2.106
1.630
2.237
5.713
2.751
1.598
4.281
2.781
1.652
2.285
1.569
1.001
1.991
3.295
1.538
1.779
1.524
0.896
2.927
2.285
1.524
1.961
4.042
3.500
2.840
1.957
2.677
1.958
2.018
2.561
1.353
2.121
3.135
2.336
3.159
3.924
2.340
2.004
1.941
2.715
1.630
0.774
1.856
2.149
2.382
2.779
1.795
1.332
0.840
2.750
1.361
1.656
3.090
2.203
1.827
1.870
0.834
1.530
2.683
1.818
0.944
0.756
1.490
1.210
3.036
2.671
0.816
1.230
1.177
1.245
1.054
1.091
0.799
1.258
1.079
1.221
0.877
1.068
2.525
0.788
0.900
0.876
3.846
1.932
2.361
3.613
2.525
1.424
2.181
1.249
1.945
1.918
2.794
1.877
2.290
1.681
6.887
1.826
2.602
2.344
2.969
3.690
2.485
4.313
2.764
2.155
2.929
5.502
3.478
2.089
5.393
3.731
2.240
3.053
2.087
1.305
2.583
4.073
2.132
2.252
2.017
1.192
2.013
1.276
1.728
3.244
2.990
2.398
1.701
2.315
1.665
1.723
2.090
1.175
1.755
2.522
1.928
2.740
3.003
1.972
1.698
1.553
2.301
1.402
0.657
1.572
1.832
1.939
2.186
1.604
1.126
0.730
2.210
1.235
1.336
2.571
1.816
1.517
1.382
0.752
1.314
2.128
1.579
0.820
0.714
1.258
1.047
2.571
2.170
0.778
0.972
1.076
1.047
0.895
0.986
0.776
1.086
1.022
1.108
0.783
0.953
1.908
0.658
0.807
0.777
3.151
1.585
1.951
3.031
2.117
1.211
1.965
1.126
1.799
1.625
2.293
1.643
1.729
1.465
5.467
1.486
2.065
1.889
2.517
3.004
2.054
3.610
2.379
1.873
2.459
4.222
2.713
1.809
4.206
3.108
1.900
2.398
1.756
1.154
2.246
3.198
1.665
1.863
1.668
1.023
1.008
1.352
2.672
2.367
1.915
1.468
2.029
1.570
1.510
2.017
1.020
1.633
2.452
1.786
2.390
3.588
2.102
1.691
1.607
2.334
1.362
0.625
1.573
2.040
2.212
2.613
1.550
1.067
0.672
2.279
1.161
1.416
2.704
1.934
1.578
1.279
0.681
1.345
2.218
1.623
0.843
0.606
1.189
1.039
2.875
2.441
0.704
0.822
0.961
0.934
0.821
0.794
0.638
0.925
0.868
0.988
0.705
0.869
2.846
0.634
0.822
0.792
4.958
1.654
1.956
3.005
2.144
1.077
1.661
0.935
1.631
1.587
2.325
1.589
1.569
1.277
6.979
1.438
2.040
1.703
3.793
5.088
2.697
5.880
2.818
2.148
3.509
8.586
4.692
2.215
5.248
3.155
1.712
2.655
1.724
1.101
2.235
5.025
1.625
1.833
1.560
0.896
1.050
2.211
1.969
1.585
0.998
1.405
1.056
1.070
1.368
0.737
1.138
1.817
1.297
1.777
2.131
1.294
1.096
1.002
1.538
0.811
0.423
0.937
1.163
1.222
1.403
0.896
0.646
0.425
1.377
0.716
0.852
1.563
1.180
0.950
0.802
0.436
0.856
1.312
0.945
0.494
0.398
0.761
0.645
2.397
2.137
0.539
0.653
0.751
0.764
0.673
0.673
0.514
1.023
0.573
0.644
0.465
0.563
1.312
0.417
0.491
0.470
2.191
1.074
1.280
1.983
1.354
0.751
1.207
0.683
1.104
1.110
1.588
1.070
1.147
0.917
5.266
1.050
1.440
1.240
1.732
2.371
1.246
2.633
1.566
1.194
1.735
3.019
1.819
1.076
2.908
2.258
1.141
1.575
1.093
0.703
1.360
2.223
1.028
1.360
1.152
0.654
3.000
2.593
2.133
1.407
2.188
1.419
1.447
1.818
0.990
1.545
2.307
1.656
2.307
2.813
1.731
1.438
1.327
1.980
1.074
0.517
1.179
1.481
1.552
1.758
1.121
0.833
0.563
1.730
0.982
1.111
2.028
1.592
1.303
1.147
0.584
1.059
1.717
1.254
0.645
0.539
1.051
0.819
2.285
1.922
0.624
0.787
0.902
0.854
0.749
0.820
0.601
0.889
0.809
0.909
0.637
0.788
1.641
0.576
0.678
0.633
2.695
1.316
1.609
2.557
1.741
1.001
1.609
0.859
1.345
1.346
1.884
1.278
1.388
1.148
5.521
1.234
1.792
1.738
2.011
2.529
1.683
3.005
1.956
1.498
2.183
4.416
2.572
1.487
4.181
2.695
1.562
2.002
1.401
0.951
1.783
2.934
1.414
1.521
1.333
0.785
5.790
4.419
2.674
4.023
3.177
3.152
4.328
1.929
3.384
5.801
4.023
4.816
6.532
3.635
2.920
2.780
4.125
2.349
1.047
2.733
3.621
4.333
5.444
2.951
1.948
1.185
4.138
2.061
2.658
4.791
3.607
2.562
2.137
1.130
2.136
3.713
3.014
1.469
1.169
2.295
1.826
4.396
3.638
1.132
1.506
1.720
1.682
1.493
1.592
1.136
1.761
1.612
1.819
1.254
1.547
3.603
1.029
1.251
1.148
5.210
2.867
3.110
4.794
3.467
1.929
3.229
1.764
2.561
2.760
3.692
2.711
2.740
2.217
10.138
2.411
3.688
2.849
3.708
5.077
3.193
6.652
3.688
2.628
3.685
7.773
4.444
2.803
7.560
4.640
2.846
3.803
2.555
1.575
3.059
5.124
2.621
2.838
2.375
1.354
3.000
2.164
2.820
2.064
2.080
2.616
1.404
2.226
3.292
2.413
3.521
4.110
2.507
2.097
1.936
2.880
1.857
0.995
2.119
2.860
3.142
3.227
1.971
1.439
1.026
3.086
1.700
1.971
3.591
2.580
2.409
1.964
1.041
2.033
3.388
2.025
1.054
0.855
1.663
1.443
3.591
3.074
0.949
1.209
1.359
1.348
1.225
1.194
0.962
1.488
1.250
1.535
1.064
1.239
2.713
0.907
1.051
0.903
4.869
2.214
2.984
4.808
3.141
1.693
2.651
1.397
2.368
2.173
3.095
2.148
2.127
1.857
7.371
1.917
2.586
2.477
3.375
4.492
2.705
4.927
3.416
2.377
3.463
9.194
4.582
2.673
6.291
4.024
2.514
3.429
2.585
1.528
2.838
5.384
2.531
2.980
2.259
1.323
1.838
2.791
2.053
2.102
2.230
1.198
2.054
2.800
2.293
3.104
3.716
2.146
2.079
1.579
2.670
1.382
0.667
1.526
2.119
2.222
2.678
1.531
1.279
0.709
2.207
1.201
1.662
2.564
2.079
1.702
1.434
0.806
1.453
2.127
1.547
0.812
0.716
1.302
1.176
3.158
2.364
0.784
1.004
1.150
1.118
0.990
1.058
0.788
1.160
1.051
1.189
0.842
1.009
2.098
0.808
0.872
0.815
4.180
1.910
2.537
3.654
2.325
1.342
2.062
1.127
2.008
1.787
2.589
1.783
1.909
1.613
6.139
1.646
2.194
2.061
2.639
3.340
2.244
4.328
2.813
2.050
2.821
5.313
3.131
2.021
4.920
3.244
1.960
2.603
1.708
1.132
2.142
3.398
1.952
2.071
1.851
1.207
1.730
1.184
1.293
1.659
0.935
1.276
1.942
1.391
1.965
2.155
1.448
1.243
1.157
1.634
0.963
0.507
1.057
1.381
1.488
1.670
1.076
0.829
0.536
1.606
0.943
0.998
1.779
1.305
1.096
1.072
0.560
0.974
1.515
1.204
0.613
0.524
0.946
0.780
1.796
1.559
0.579
0.737
0.824
0.789
0.682
0.761
0.578
0.838
0.726
0.840
0.597
0.722
1.394
0.543
0.637
0.597
2.373
1.112
1.378
2.086
1.609
0.971
1.399
0.812
1.257
1.171
1.810
1.235
1.234
1.102
4.220
1.139
1.502
1.413
1.726
2.096
1.568
2.510
1.728
1.401
1.983
3.490
1.977
1.286
2.904
2.385
1.420
1.789
1.271
0.849
1.442
2.400
1.296
1.455
1.239
0.714
1.632
1.677
2.069
1.185
1.601
2.505
1.868
2.935
3.167
1.952
1.709
1.523
2.221
1.475
0.698
1.635
1.859
1.957
2.056
1.326
1.038
0.752
2.335
1.184
1.397
2.449
1.874
1.514
1.382
0.741
1.267
2.087
1.509
0.867
0.648
1.252
1.124
2.523
2.174
0.735
0.920
1.138
0.991
0.947
1.003
0.727
1.065
0.952
1.084
0.812
1.009
1.939
0.738
0.799
0.903
3.123
1.559
2.101
3.274
1.939
1.168
1.859
1.094
1.681
1.666
2.281
1.704
1.697
1.462
5.521
1.524
1.984
2.030
2.433
3.066
2.063
3.529
2.309
1.676
2.470
4.264
2.795
1.814
4.239
2.989
1.907
2.810
1.873
1.127
2.064
3.324
1.572
1.929
1.804
0.956
1.264
1.615
0.869
1.441
2.283
1.493
2.053
2.448
1.520
1.290
1.197
1.709
1.044
0.517
1.167
1.592
1.459
1.860
1.123
0.808
0.507
2.920
0.891
1.020
1.773
1.446
1.174
1.002
0.548
0.993
1.661
1.104
0.614
0.484
0.963
0.799
2.046
1.810
0.567
0.683
0.820
0.690
0.593
0.645
0.508
0.819
0.702
0.803
0.566
0.724
1.434
0.532
0.592
0.585
2.419
1.340
1.634
2.263
1.564
0.891
1.400
0.833
1.268
1.206
1.749
1.178
1.273
1.052
4.424
1.171
1.665
1.419
1.832
2.784
1.508
2.735
1.666
1.328
1.846
3.322
2.495
1.435
3.366
2.627
1.508
1.832
1.327
0.852
1.617
2.588
1.252
1.459
1.233
0.736
1.699
0.941
1.448
2.057
1.445
1.967
2.346
1.510
1.332
1.253
1.811
1.037
0.529
1.173
1.496
1.541
1.762
1.119
0.842
0.564
1.754
1.067
1.213
2.033
1.442
1.230
1.063
0.610
1.132
1.671
1.306
0.654
0.527
0.993
0.831
2.233
1.889
0.607
0.798
0.854
0.820
0.713
0.781
0.584
0.907
0.748
0.879
0.562
0.769
1.446
0.547
0.642
0.653
2.579
1.316
1.630
2.479
1.618
0.985
1.498
0.869
1.363
1.290
1.887
1.276
1.420
1.173
5.306
1.236
1.822
1.543
1.920
2.329
1.683
3.027
1.956
1.586
1.964
3.458
2.232
1.535
4.379
2.299
1.454
1.972
1.425
0.893
1.637
2.571
1.331
1.483
1.421
0.823
1.217
1.942
2.575
1.952
2.587
3.281
1.968
1.708
1.549
2.093
1.269
0.641
1.490
1.865
2.268
2.374
1.442
1.060
0.674
2.092
1.097
1.379
2.408
1.915
1.507
1.188
0.671
1.240
1.893
1.509
0.798
0.646
1.164
1.092
2.515
2.425
0.689
0.855
1.004
0.969
0.898
0.909
0.662
1.004
0.894
1.033
0.734
0.896
1.830
0.634
0.805
0.713
3.205
1.722
3.113
3.551
2.196
1.187
1.759
1.047
1.564
1.606
2.297
1.679
1.723
1.387
6.144
1.515
2.051
1.935
2.500
3.185
2.048
3.898
2.262
1.822
2.722
4.642
2.808
1.729
4.748
3.087
1.866
2.789
1.696
0.986
1.918
3.342
1.590
1.848
1.495
0.856
0.866
1.324
0.994
1.421
1.624
1.030
0.894
0.794
1.195
0.722
0.355
0.783
1.029
1.065
1.155
0.754
0.595
0.383
1.156
0.692
0.739
1.337
0.962
0.855
0.760
0.397
0.734
1.080
0.787
0.447
0.349
0.660
0.704
1.272
1.083
0.391
0.495
0.552
0.553
0.471
0.521
0.402
0.554
0.508
0.588
0.410
0.493
0.949
0.377
0.402
0.424
1.577
0.823
0.974
1.504
1.008
0.648
0.946
0.584
0.934
0.871
1.303
0.806
0.961
0.759
2.890
0.737
1.073
1.059
1.277
1.641
1.135
1.980
1.299
0.961
1.279
2.098
1.427
0.955
2.117
1.576
1.011
1.257
0.931
0.626
1.053
1.590
0.844
1.038
0.843
0.509
2.148
1.561
2.173
2.595
1.654
1.508
1.237
1.802
1.083
0.520
1.239
1.531
1.557
1.876
1.184
0.930
0.609
1.835
1.016
1.200
2.048
1.472
1.225
1.086
0.599
1.072
1.795
1.285
0.642
0.508
0.974
0.855
2.116
1.993
0.613
0.743
0.838
0.801
0.712
0.810
0.599
0.903
0.754
0.877
0.608
0.749
1.556
0.595
0.634
0.596
2.666
1.321
1.493
2.492
1.686
0.993
1.646
0.873
1.344
1.296
1.884
1.284
1.428
1.255
5.739
1.244
1.677
1.494
2.011
2.746
1.663
3.176
1.984
1.588
2.094
3.627
2.683
1.554
3.578
2.448
1.536
2.003
1.450
0.920
1.767
2.826
1.348
1.494
1.510
0.851
2.728
3.836
4.128
2.540
2.248
2.179
2.848
1.659
0.800
1.936
2.366
2.669
2.942
1.822
1.309
0.848
2.742
1.523
1.755
3.232
2.458
2.063
1.601
0.871
1.782
2.721
1.955
0.973
0.772
1.520
1.271
3.506
2.772
0.864
1.085
1.217
1.201
1.054
1.198
0.816
1.265
1.283
1.402
0.905
1.105
2.573
0.804
0.935
0.830
3.952
1.940
2.678
4.025
2.335
1.419
2.319
1.289
2.050
1.961
3.113
2.130
2.384
1.744
11.396
2.099
2.529
2.226
3.531
5.152
2.506
4.404
2.777
2.299
3.100
5.894
4.022
2.058
5.950
4.182
2.283
3.374
2.468
1.372
2.709
5.992
2.266
2.383
2.026
1.279
2.228
2.799
1.729
1.439
1.408
1.865
1.258
0.527
1.380
1.549
1.620
1.889
1.363
0.942
0.630
1.759
1.042
1.234
2.072
1.626
1.248
1.057
0.660
1.055
1.715
1.364
0.727
0.559
1.075
0.919
2.277
1.923
0.610
0.802
0.902
0.906
0.783
0.807
0.640
0.977
0.893
0.947
0.692
0.871
1.681
0.602
0.674
0.641
2.806
1.423
1.718
2.735
1.871
1.086
1.662
0.936
1.472
1.503
2.234
1.447
1.556
1.288
7.276
1.537
2.058
1.657
2.209
3.279
1.919
3.310
2.108
1.562
2.226
4.118
2.585
1.543
4.554
2.703
1.740
2.426
1.657
0.914
1.439
3.020
1.675
1.928
1.490
0.928
3.741
2.412
2.032
1.854
2.966
1.659
0.832
1.838
2.366
2.313
2.724
1.730
1.284
0.853
2.679
1.463
1.699
3.052
2.205
1.886
1.664
0.849
1.595
2.583
1.857
1.053
0.896
1.464
1.263
3.416
3.132
0.953
1.144
1.381
1.238
1.163
1.186
1.010
1.296
1.093
1.342
0.944
1.220
2.451
0.807
0.961
1.066
4.183
1.963
2.266
3.412
2.364
1.329
2.256
1.314
2.074
1.950
2.778
1.930
2.050
1.914
7.313
2.064
2.456
2.232
3.247
3.885
2.478
4.714
3.010
2.228
2.917
5.236
3.365
2.126
5.060
3.913
2.441
2.972
2.137
1.387
2.521
3.861
1.963
2.319
1.940
1.216
3.579
2.530
2.560
3.475
1.987
0.994
2.241
2.886
3.544
3.509
2.060
1.917
0.986
3.128
1.585
2.103
3.942
2.674
2.318
1.814
0.963
1.902
3.056
2.158
1.127
0.874
1.845
1.687
5.033
3.698
1.045
1.446
1.602
1.506
1.390
1.426
1.087
1.547
1.365
1.695
1.113
1.457
3.046
1.040
1.109
1.064
5.395
2.910
3.506
4.908
3.693
1.989
3.202
1.654
2.995
2.515
3.525
2.478
2.702
2.217
10.922
2.323
3.376
3.209
4.473
4.854
2.986
6.895
3.914
2.668
3.476
6.915
4.185
2.552
6.629
4.429
2.872
3.523
2.435
1.549
3.078
5.244
2.381
2.922
2.575
1.338
1.599
1.604
2.139
1.272
0.647
1.415
1.756
1.990
2.121
1.468
0.979
0.661
2.013
1.121
1.295
2.436
1.750
1.414
1.197
0.628
1.218
1.937
1.419
0.808
0.629
1.225
0.969
2.433
2.130
0.652
0.825
1.009
0.991
0.812
0.869
0.636
0.963
0.870
0.990
0.764
0.870
1.768
0.609
0.740
0.679
3.003
1.437
1.859
3.250
2.022
1.155
1.760
0.994
1.530
1.359
1.960
1.506
1.692
1.256
5.847
1.420
1.982
1.714
2.249
2.949
1.911
3.281
2.144
1.664
2.540
4.468
2.627
1.676
4.088
2.874
1.840
2.313
1.710
1.049
1.982
3.025
1.479
1.712
1.664
0.954
1.143
1.738
1.036
0.484
1.150
1.325
1.508
1.624
0.999
0.815
0.540
1.744
0.927
1.016
1.966
1.349
1.091
1.028
0.563
1.007
1.655
1.156
0.591
0.451
0.957
0.805
1.919
1.666
0.513
0.671
0.806
0.818
0.709
0.710
0.549
0.853
0.770
0.863
0.601
0.714
1.472
0.557
0.613
0.586
2.618
1.206
1.490
2.238
1.565
1.026
1.412
0.828
1.286
1.286
1.783
1.246
1.317
1.112
4.303
1.161
1.548
1.418
1.828
2.411
1.539
2.952
1.798
1.433
2.049
4.149
2.429
1.363
3.227
2.296
1.450
1.959
1.223
0.878
1.671
2.731
1.327
1.560
1.279
0.730
1.665
0.940
0.490
1.068
1.375
1.502
1.708
1.070
0.834
0.513
1.733
0.937
1.084
2.170
1.305
1.110
1.059
0.508
0.960
1.489
1.096
0.561
0.475
0.921
0.780
1.876
1.809
0.515
0.711
0.723
0.718
0.675
0.699
0.511
0.804
0.679
0.775
0.509
0.677
1.492
0.506
0.580
0.538
2.291
1.176
1.380
2.167
1.477
0.887
1.352
0.786
1.199
1.243
1.663
1.124
1.346
0.956
3.655
1.035
1.522
1.341
1.739
2.145
1.479
2.406
1.810
1.406
1.805
3.254
2.089
1.366
3.198
2.175
1.428
1.879
1.258
0.827
1.520
2.425
1.287
1.407
1.206
0.693
1.434
0.721
1.706
2.140
2.074
2.373
1.489
1.127
0.742
2.286
1.279
1.473
2.766
1.955
1.643
1.401
0.785
1.362
2.372
1.639
0.881
0.675
1.298
1.178
2.885
2.522
0.783
1.046
1.107
1.087
0.937
1.031
0.711
1.100
1.014
1.145
0.810
0.960
2.101
0.727
0.777
0.800
3.730
1.692
2.050
3.596
2.269
1.265
1.961
1.137
1.952
1.662
2.435
1.690
1.842
1.521
6.157
1.742
2.421
2.073
2.564
3.303
2.339
4.105
2.619
2.328
2.830
4.615
3.009
1.900
4.733
3.040
1.929
2.506
1.829
1.132
2.134
3.597
1.654
1.940
1.669
1.012
0.415
0.909
1.168
1.413
1.522
0.891
0.664
0.398
1.222
0.761
0.891
1.646
1.183
0.998
0.797
0.410
0.779
1.263
1.007
0.509
0.438
0.774
0.659
1.706
1.411
0.470
0.598
0.687
0.640
0.558
0.603
0.449
0.648
0.630
0.678
0.480
0.627
1.163
0.452
0.520
0.463
1.978
0.962
1.265
1.830
1.278
0.763
1.192
0.679
1.084
1.002
1.451
0.987
1.076
0.966
3.585
0.959
1.338
1.146
1.483
1.770
1.301
2.207
1.536
1.134
1.515
3.052
1.892
1.209
2.616
2.113
1.161
1.445
1.072
0.700
1.331
1.980
1.134
1.158
1.035
0.604
0.458
0.557
0.587
0.669
0.430
0.340
0.211
0.651
0.372
0.422
0.709
0.539
0.417
0.441
0.231
0.423
0.635
0.446
0.263
0.211
0.397
0.326
0.792
0.680
0.227
0.302
0.328
0.293
0.260
0.297
0.215
0.335
0.299
0.337
0.233
0.303
0.563
0.216
0.234
0.229
0.899
0.465
0.549
0.884
0.657
0.392
0.558
0.330
0.545
0.524
0.730
0.438
0.518
0.445
1.779
0.460
0.637
0.562
0.698
0.864
0.653
1.021
0.690
0.544
0.731
1.239
0.895
0.549
1.392
0.899
0.592
0.733
0.549
0.365
0.621
1.053
0.527
0.567
0.499
0.305
1.405
1.526
1.986
1.087
0.793
0.587
1.655
0.888
1.056
1.923
1.414
1.158
0.964
0.545
0.997
1.645
1.165
0.606
0.471
0.905
0.780
2.220
1.737
0.497
0.709
0.804
0.756
0.708
0.738
0.534
0.803
0.800
0.826
0.572
0.694
1.513
0.494
0.596
0.556
2.509
1.238
1.502
2.513
1.755
0.970
1.403
0.830
1.236
1.205
1.811
1.292
1.410
1.118
5.200
1.241
1.522
1.375
1.855
2.403
1.509
2.580
1.707
1.475
1.987
3.717
2.253
1.359
3.483
2.321
1.467
2.065
1.333
0.793
1.595
2.654
1.208
1.424
1.249
0.730
1.992
2.050
1.434
0.928
0.622
2.030
1.106
1.290
2.405
1.726
1.425
1.167
0.628
1.185
1.959
1.443
0.697
0.562
1.178
0.922
2.844
2.220
0.665
0.786
0.960
0.865
0.771
0.861
0.594
0.877
0.788
0.901
0.658
0.797
1.690
0.598
0.675
0.661
2.898
1.459
1.686
2.593
1.773
1.038
1.860
0.935
1.484
1.414
2.020
1.451
1.736
1.215
6.287
1.382
2.020
1.606
2.258
2.734
1.817
3.685
2.093
1.702
2.318
4.272
3.049
1.687
4.145
2.925
1.676
2.054
1.665
1.058
1.861
3.485
1.606
1.825
1.640
0.865
2.450
1.456
1.016
0.672
2.136
1.128
1.367
2.463
2.042
1.660
1.343
0.742
1.310
2.124
1.693
0.782
0.595
1.165
0.986
2.516
2.596
0.641
0.851
0.957
0.958
0.822
0.957
0.676
1.033
0.858
1.039
0.731
0.918
1.982
0.640
0.731
0.669
3.591
1.917
2.195
2.928
2.234
1.158
1.774
1.003
1.685
1.550
2.222
1.685
1.777
1.314
6.135
1.527
1.926
1.620
2.418
4.058
1.913
3.455
2.174
1.701
2.406
6.462
3.646
1.827
4.679
3.080
1.752
2.453
1.705
1.086
2.186
4.293
1.656
2.210
1.640
0.932
1.689
1.193
0.774
2.528
1.272
1.633
3.482
2.589
2.041
1.642
0.812
1.469
2.846
1.676
0.909
0.669
1.268
1.048
3.003
2.550
0.708
0.965
1.101
1.083
0.900
0.913
0.665
1.009
1.110
1.125
0.804
0.941
2.106
0.643
0.888
0.766
3.433
1.675
2.122
3.395
2.311
1.313
2.063
1.168
1.828
1.766
2.638
1.866
1.990
1.611
8.125
1.764
2.416
2.076
2.872
3.816
2.533
4.388
2.598
2.013
2.935
5.814
3.558
2.172
6.438
3.759
1.928
2.806
1.922
1.227
2.481
3.953
1.843
2.239
1.781
0.992
0.709
0.519
1.468
0.746
0.930
1.690
1.179
0.967
0.816
0.442
0.833
1.436
0.972
0.505
0.401
0.770
0.643
1.872
1.570
0.444
0.554
0.748
0.700
0.609
0.649
0.478
0.711
0.645
0.725
0.524
0.640
1.338
0.464
0.578
0.501
2.242
1.124
1.356
2.098
1.448
0.822
1.419
0.780
1.235
1.217
1.914
1.230
1.291
1.038
4.375
1.091
1.479
1.283
1.777
2.286
1.390
2.538
1.628
1.342
1.872
3.406
2.073
1.241
3.278
2.123
1.285
1.757
1.212
0.753
1.509
2.695
1.285
1.478
1.196
0.615
0.370
1.133
0.601
0.751
1.307
0.941
0.784
0.707
0.365
0.677
1.079
0.782
0.451
0.332
0.619
0.531
1.318
1.166
0.368
0.470
0.534
0.517
0.449
0.489
0.365
0.526
0.478
0.542
0.385
0.481
0.916
0.330
0.374
0.379
1.538
0.858
0.935
1.438
0.999
0.603
0.932
0.537
0.821
0.802
1.121
0.795
0.915
0.717
2.777
0.782
1.023
0.968
1.183
1.466
0.993
1.686
1.165
0.899
1.267
2.185
1.376
0.888
2.060
1.508
0.944
1.216
0.865
0.574
1.030
1.569
0.820
1.038
0.932
0.580
0.771
0.395
0.512
0.823
0.594
0.498
0.485
0.241
0.423
0.684
0.491
0.276
0.216
0.427
0.361
0.860
0.694
0.245
0.321
0.351
0.339
0.292
0.318
0.232
0.351
0.322
0.422
0.265
0.315
0.612
0.231
0.263
0.251
1.018
0.520
0.625
0.943
0.665
0.410
0.613
0.375
0.551
0.536
0.751
0.518
0.561
0.479
1.788
0.506
0.672
0.625
0.782
0.957
0.681
1.127
0.832
0.607
0.881
1.377
0.923
0.558
1.341
0.979
0.612
0.785
0.567
0.370
0.668
1.041
0.563
0.640
0.603
0.324
1.235
1.427
2.640
1.880
1.548
1.356
1.040
1.428
2.331
1.686
0.870
0.674
1.326
1.048
2.569
2.216
0.728
0.951
1.060
1.001
0.872
0.963
0.668
1.034
0.938
1.045
0.772
0.916
1.862
0.695
0.802
0.780
3.164
1.687
1.851
2.941
2.221
1.228
1.988
1.159
1.706
1.627
2.352
1.630
1.868
1.611
6.688
1.569
2.261
1.964
2.476
3.283
2.080
3.509
2.365
1.823
2.548
4.254
3.181
1.794
4.643
3.125
1.886
2.387
1.831
1.242
2.125
3.212
1.514
1.939
1.697
0.982
0.706
1.279
1.002
0.748
0.766
0.427
0.703
1.093
0.780
0.413
0.333
0.638
0.527
1.210
1.044
0.393
0.486
0.570
0.536
0.462
0.524
0.396
0.675
0.615
0.699
0.514
0.544
1.024
0.403
0.474
0.444
1.669
0.842
1.032
1.615
1.094
0.679
1.021
0.606
0.937
0.882
1.264
0.881
0.939
0.858
2.916
0.844
1.114
1.051
1.297
1.583
1.140
1.832
1.301
1.034
1.337
2.214
1.464
0.991
2.129
1.734
1.132
1.291
1.001
0.625
1.084
1.609
0.886
1.073
0.910
0.530
1.607
1.169
0.951
0.854
0.440
0.761
1.292
1.109
0.531
0.420
0.852
0.711
1.738
1.521
0.505
0.613
0.683
0.662
0.580
0.633
0.464
0.689
0.619
0.710
0.494
0.612
1.207
0.452
0.515
0.491
2.012
1.010
1.253
1.893
1.301
0.786
1.209
0.716
1.079
1.167
1.486
1.016
1.153
0.979
3.544
0.994
1.331
1.212
1.631
2.046
1.334
2.188
1.492
1.265
1.664
2.746
1.714
1.154
2.517
1.836
1.150
1.457
1.000
0.757
1.304
1.889
0.997
1.092
0.991
0.637
2.253
1.849
1.601
0.855
1.583
2.698
2.020
0.975
0.763
1.500
1.275
3.065
2.699
0.949
1.106
1.245
1.361
1.069
1.158
0.832
1.266
1.135
1.284
0.950
1.124
2.303
0.823
0.990
0.925
5.041
1.911
2.350
3.830
2.605
1.492
2.392
1.366
1.937
2.052
2.652
1.819
1.949
1.551
7.076
1.806
2.276
2.057
2.705
3.465
2.295
3.897
2.595
1.996
2.735
4.968
3.535
1.981
5.060
3.639
2.229
3.065
2.134
1.374
2.595
4.192
2.043
2.539
2.000
1.174
1.328
1.127
0.613
1.116
2.009
1.298
0.683
0.551
1.136
0.894
2.152
1.868
0.588
0.772
0.858
0.855
0.765
0.802
0.600
0.884
0.792
0.830
0.603
0.767
1.536
0.559
0.648
0.600
2.637
1.308
1.597
2.534
1.843
0.970
1.592
0.954
1.426
1.466
2.092
1.353
1.491
1.168
4.907
1.258
1.754
1.441
1.892
2.453
1.717
3.333
2.050
1.625
2.102
4.085
2.439
1.529
3.959
2.613
1.704
2.111
1.468
0.958
1.810
2.995
1.335
1.622
1.412
0.818
0.958
0.521
0.936
1.485
1.149
0.588
0.465
0.934
0.742
1.811
1.546
0.523
0.654
0.745
0.740
0.631
0.678
0.504
0.747
0.694
0.790
0.498
0.675
1.486
0.488
0.552
0.558
2.427
1.069
1.243
2.327
1.324
0.933
1.320
0.793
1.086
1.207
1.605
1.050
1.216
1.096
4.124
1.109
1.486
1.459
1.743
2.472
1.586
2.850
1.773
1.395
1.944
3.170
2.266
1.343
3.543
2.201
1.442
1.812
1.236
0.807
1.673
2.393
1.169
1.360
1.285
0.741
0.459
0.795
1.365
0.990
0.540
0.432
0.837
0.611
1.437
1.243
0.475
0.617
0.676
0.631
0.566
0.561
0.462
0.681
0.627
0.660
0.440
0.562
1.039
0.403
0.474
0.444
1.683
0.849
1.079
1.603
1.117
0.712
1.130
0.677
1.042
0.995
1.449
0.977
1.054
0.903
3.213
0.942
1.239
1.173
1.488
1.750
1.254
2.049
1.421
1.150
1.492
2.485
1.671
1.117
2.458
1.838
1.148
1.460
1.058
0.697
1.230
1.837
0.984
1.126
1.013
0.537
0.431
0.666
0.469
0.279
0.222
0.423
0.347
0.866
0.746
0.258
0.331
0.368
0.349
0.281
0.332
0.236
0.367
0.331
0.373
0.267
0.321
0.610
0.240
0.273
0.310
1.058
0.506
0.626
0.940
0.664
0.403
0.604
0.395
0.558
0.528
0.759
0.526
0.580
0.495
1.891
0.535
0.671
0.654
0.783
0.940
0.676
1.091
0.779
0.618
0.808
1.324
0.883
0.621
1.300
0.995
0.714
0.777
0.563
0.377
0.661
0.997
0.535
0.603
0.548
0.322
1.308
0.951
0.511
0.406
0.818
0.655
1.555
1.396
0.471
0.574
0.654
0.632
0.550
0.605
0.468
0.675
0.595
0.693
0.463
0.591
1.185
0.432
0.495
0.488
1.971
1.092
1.190
1.836
1.271
0.778
1.176
0.674
1.046
0.998
1.447
0.997
1.085
0.899
3.602
0.972
1.294
1.175
1.549
2.114
1.367
2.487
1.533
1.146
1.495
2.681
1.907
1.197
2.525
1.897
1.228
1.559
1.121
0.671
1.336
2.056
1.173
1.135
1.076
0.600
1.475
0.795
0.676
1.198
1.101
2.507
2.032
0.635
0.863
1.004
0.948
0.873
0.854
0.688
1.031
0.939
1.062
0.732
0.900
1.909
0.669
0.794
0.748
3.239
1.586
1.921
3.006
2.076
1.191
1.863
1.050
1.621
1.599
2.270
1.574
1.699
1.411
6.030
1.651
2.254
1.990
2.409
3.574
2.146
3.590
2.099
1.728
2.329
4.563
2.853
1.632
4.042
2.909
1.967
2.285
1.621
0.996
1.981
3.197
1.490
1.723
1.488
0.882
0.531
0.417
0.841
0.690
1.696
1.444
0.469
0.600
0.677
0.711
0.635
0.683
0.509
0.754
0.692
0.765
0.537
0.668
1.340
0.522
0.595
0.558
2.633
1.131
1.508
2.340
1.610
1.035
1.414
0.817
1.196
1.157
1.631
1.198
1.230
1.163
4.077
1.096
1.496
1.329
1.789
2.163
1.448
2.409
1.748
1.412
1.891
3.347
1.935
1.224
3.167
2.032
1.422
1.874
1.297
0.863
1.518
2.452
1.064
1.349
1.105
0.638
0.226
0.414
0.377
0.803
0.756
0.253
0.364
0.383
0.378
0.335
0.363
0.272
0.395
0.360
0.412
0.289
0.353
0.676
0.283
0.312
0.299
1.200
0.569
0.693
1.030
0.761
0.452
0.691
0.406
0.619
0.586
0.839
0.607
0.622
0.551
2.183
0.590
0.770
0.709
0.909
1.035
0.738
1.215
0.845
0.676
0.881
1.459
0.971
0.689
1.608
1.199
0.720
0.927
0.655
0.427
0.784
1.111
0.595
0.705
0.594
0.354
0.359
0.316
0.725
0.596
0.227
0.286
0.323
0.304
0.269
0.299
0.230
0.320
0.289
0.330
0.231
0.308
0.537
0.223
0.260
0.231
0.897
0.448
0.548
0.824
0.619
0.373
0.543
0.322
0.521
0.498
0.708
0.486
0.521
0.452
1.669
0.447
0.586
0.556
0.761
0.822
0.632
1.048
0.682
0.549
0.706
1.150
0.772
0.554
1.233
0.916
0.575
0.721
0.526
0.340
0.588
0.866
0.474
0.536
0.481
0.285
0.601
1.383
1.285
0.400
0.541
0.613
0.588
0.507
0.559
0.419
0.617
0.553
0.646
0.456
0.569
1.117
0.423
0.458
0.440
1.743
0.875
1.077
1.639
1.140
0.691
1.069
0.649
1.024
0.908
1.331
0.899
0.978
0.837
3.071
0.878
1.166
1.076
1.344
1.772
1.254
2.079
1.323
1.021
1.423
2.288
1.525
1.054
2.192
1.628
1.107
1.241
0.921
0.576
1.153
1.923
0.896
1.115
1.002
0.569
1.181
0.968
0.332
0.431
0.508
0.494
0.455
0.487
0.345
0.511
0.462
0.510
0.370
0.459
0.944
0.348
0.399
0.380
1.475
0.748
0.911
1.493
1.005
0.582
0.887
0.527
0.847
0.808
1.149
0.796
0.820
0.741
3.136
0.777
1.039
0.894
1.129
1.542
1.092
1.817
1.158
0.885
1.236
2.103
1.329
0.870
1.970
1.483
0.890
1.151
0.760
0.566
0.956
1.527
0.752
0.895
0.833
0.478
2.737
0.736
0.928
1.188
1.161
1.051
1.160
0.833
1.283
1.080
1.232
0.869
1.119
2.456
0.823
0.930
0.873
4.398
2.128
2.543
4.022
2.710
1.433
2.177
1.305
2.079
1.878
2.789
1.814
1.965
1.596
6.753
1.660
2.407
2.063
2.999
3.510
2.191
3.974
2.509
1.951
3.011
5.060
3.127
1.880
4.823
3.403
1.963
2.714
1.926
1.195
2.319
3.771
1.798
2.045
1.792
1.017
0.657
0.834
0.946
0.932
0.803
0.873
0.729
1.096
0.968
1.120
0.764
0.976
2.025
0.737
0.843
0.789
3.749
1.756
2.042
3.218
2.232
1.256
2.169
1.146
1.742
1.680
2.428
1.676
1.832
1.552
6.445
1.714
2.240
1.899
2.957
4.047
2.279
3.758
2.284
1.827
2.719
4.573
2.918
1.871
4.523
3.010
1.765
2.401
1.638
1.044
2.060
3.454
1.619
1.884
1.601
0.911
0.307
0.352
0.321
0.279
0.311
0.240
0.337
0.299
0.343
0.256
0.322
0.578
0.244
0.283
0.272
0.952
0.486
0.628
0.932
0.636
0.397
0.605
0.366
0.581
0.539
0.783
0.514
0.557
0.508
1.701
0.514
0.648
0.648
0.783
0.942
0.712
1.108
0.788
0.652
0.987
1.541
0.873
0.617
1.250
0.952
0.631
0.744
0.558
0.376
0.632
0.902
0.515
0.588
0.531
0.318
0.469
0.454
0.402
0.437
0.331
0.480
0.424
0.486
0.339
0.432
0.766
0.317
0.359
0.345
1.294
0.644
0.811
1.253
0.824
0.516
0.771
0.487
0.748
0.674
1.006
0.681
0.743
0.650
2.263
0.670
0.866
0.807
0.938
1.146
0.854
1.363
0.995
0.792
0.995
1.718
1.103
0.785
1.548
1.223
0.803
0.998
0.708
0.469
0.820
1.322
0.679
0.748
0.677
0.408
0.499
0.445
0.482
0.369
0.533
0.462
0.543
0.393
0.491
0.809
0.354
0.363
0.385
1.400
0.707
0.868
1.272
0.855
0.560
0.876
0.520
0.794
0.748
1.066
0.745
0.807
0.699
2.383
0.710
0.935
0.899
1.082
1.304
0.963
1.510
1.081
0.890
1.135
1.772
1.198
0.865
1.763
1.379
0.906
1.152
0.791
0.574
0.975
1.331
0.768
0.853
0.767
0.452
0.441
0.469
0.351
0.514
0.454
0.521
0.371
0.451
0.881
0.351
0.400
0.380
1.469
0.703
0.878
1.544
0.936
0.599
0.864
0.518
0.768
0.725
1.000
0.736
0.821
0.678
2.393
0.707
0.923
0.927
1.134
1.353
1.021
1.519
1.067
0.931
1.189
2.001
1.191
0.843
1.789
1.371
0.871
1.095
0.780
0.522
0.971
1.370
0.738
0.833
0.788
0.464
0.416
0.306
0.457
0.414
0.479
0.340
0.418
0.786
0.308
0.342
0.326
1.387
0.610
0.735
1.144
0.807
0.498
0.753
0.446
0.683
0.639
0.882
0.632
0.687
0.619
2.262
0.636
0.801
0.867
1.012
1.212
0.814
1.432
0.938
0.754
0.967
1.620
1.236
0.766
1.729
1.294
0.758
0.944
0.682
0.501
0.796
1.246
0.648
0.742
0.674
0.388
0.339
0.485
0.436
0.492
0.367
0.457
0.774
0.317
0.366
0.358
1.269
0.649
0.872
1.176
0.837
0.519
0.795
0.477
0.729
0.688
0.973
0.727
0.730
0.648
2.518
0.670
0.871
0.819
0.987
1.168
0.884
1.489
0.998
0.811
0.985
1.583
1.135
0.785
1.595
1.317
0.837
1.074
0.760
0.511
0.898
1.223
0.715
0.778
0.702
0.416
0.362
0.327
0.379
0.268
0.323
0.605
0.242
0.266
0.267
0.921
0.480
0.585
0.872
0.621
0.391
0.594
0.356
0.548
0.510
0.732
0.504
0.560
0.482
1.595
0.485
0.658
0.637
0.758
0.861
0.691
1.076
0.765
0.631
0.799
1.290
0.865
0.593
1.262
0.987
0.638
0.732
0.578
0.363
0.618
0.912
0.532
0.573
0.520
0.325
0.480
0.540
0.383
0.472
0.870
0.346
0.394
0.387
1.408
0.725
0.941
1.346
0.941
0.585
0.879
0.525
0.839
0.758
1.137
0.787
0.837
0.708
2.432
0.729
0.951
0.906
1.116
1.322
0.972
1.560
1.090
0.889
1.155
1.861
1.223
0.859
1.895
1.398
0.902
1.093
0.807
0.539
0.947
1.383
0.778
0.865
0.791
0.459
0.491
0.354
0.426
0.789
0.324
0.377
0.341
1.267
0.659
0.804
1.321
0.892
0.581
0.840
0.496
0.774
0.723
1.049
0.689
0.741
0.639
2.238
0.666
1.031
0.817
1.050
1.286
0.887
1.422
1.001
0.816
1.041
1.802
1.193
0.808
1.819
1.368
0.860
1.013
0.737
0.493
0.858
1.286
0.705
0.785
0.708
0.409
0.376
0.477
0.875
0.377
0.419
0.392
1.536
0.732
0.892
1.433
0.948
0.626
0.835
0.494
0.808
0.786
1.111
0.817
0.876
0.742
2.694
0.780
1.022
0.921
1.129
1.354
1.007
1.616
1.128
0.925
1.174
1.912
1.285
0.918
1.965
1.503
0.928
1.143
0.827
0.554
0.963
1.422
0.780
0.954
0.859
0.497
0.351
0.634
0.262
0.299
0.282
1.102
0.625
0.677
1.019
0.717
0.441
0.663
0.402
0.616
0.568
0.813
0.550
0.631
0.515
1.826
0.561
0.683
0.645
0.800
0.962
0.744
1.188
0.764
0.630
0.828
1.279
0.809
0.631
1.241
0.989
0.652
0.841
0.707
0.412
0.712
1.059
0.556
0.663
0.564
0.338
0.768
0.315
0.360
0.340
1.337
0.651
0.792
1.186
0.839
0.517
0.788
0.475
0.718
0.681
1.031
0.672
0.756
0.631
2.176
0.644
0.848
0.839
1.009
1.184
0.871
1.391
0.983
0.807
1.078
1.775
1.171
0.803
1.774
1.264
0.814
0.990
0.720
0.485
0.862
1.222
0.642
0.769
0.696
0.415
0.577
0.713
0.633
3.002
1.478
1.796
2.601
1.739
1.029
1.580
0.968
1.516
1.475
2.076
1.422
1.488
1.262
4.999
1.300
1.804
1.582
2.133
2.778
1.725
3.143
1.960
1.542
2.257
4.450
2.376
1.494
3.589
2.600
1.703
2.072
1.588
1.032
1.673
2.653
1.376
1.647
1.649
0.933
0.266
0.262
0.990
0.445
0.568
0.802
0.581
0.356
0.572
0.360
0.551
0.489
0.711
0.486
0.481
0.416
1.421
0.466
0.589
0.550
0.645
0.841
0.632
1.000
0.709
0.600
0.784
1.162
0.793
0.556
1.165
0.906
0.589
0.711
0.527
0.349
0.605
0.879
0.512
0.574
0.530
0.317
0.284
1.085
0.560
0.683
1.018
0.689
0.434
0.655
0.392
0.604
0.565
0.837
0.580
0.638
0.534
1.776
0.542
0.704
0.723
0.851
1.025
0.721
1.208
0.851
0.692
0.845
1.449
0.908
0.633
1.401
1.080
0.663
0.822
0.625
0.414
0.733
1.010
0.562
0.713
0.602
0.343
0.980
0.502
0.619
0.922
0.653
0.411
0.624
0.385
0.575
0.536
0.755
0.530
0.568
0.506
1.682
0.507
0.667
0.641
0.770
0.908
0.690
1.077
0.798
0.665
0.831
1.311
0.880
0.629
1.255
0.974
0.647
0.776
0.565
0.419
0.674
0.987
0.552
0.624
0.545
0.325
2.827
3.047
4.791
3.271
1.784
2.880
1.570
2.497
2.570
3.417
2.313
2.786
1.987
8.778
2.372
3.212
2.829
4.218
5.054
3.171
6.720
3.973
3.036
4.090
8.604
4.509
2.661
7.818
4.656
3.080
3.498
2.429
1.728
3.189
4.967
2.372
2.676
2.407
1.401
1.317
2.036
1.406
0.845
1.263
0.714
1.133
1.109
1.543
1.063
1.166
0.952
4.133
1.073
1.432
1.240
1.756
2.182
1.389
2.391
1.549
1.323
1.713
3.149
1.962
1.204
3.139
2.066
1.250
1.674
1.242
0.746
1.450
2.347
1.120
1.278
1.335
0.709
2.627
1.834
1.084
1.659
0.953
1.480
1.420
2.041
1.440
1.540
1.281
5.240
1.398
1.872
1.661
2.176
2.805
1.850
3.138
2.175
1.667
2.533
4.786
2.516
1.597
3.585
2.531
1.591
2.150
1.415
0.985
2.232
2.874
1.447
1.717
1.467
0.771
2.802
1.556
2.593
1.401
2.068
2.006
2.930
2.022
2.207
1.846
7.526
1.927
2.659
2.330
3.122
4.117
2.577
4.558
2.986
2.288
4.051
8.341
4.177
2.468
8.248
4.338
2.595
3.949
2.417
1.554
3.001
5.141
2.291
2.685
2.511
1.365
1.045
1.666
1.004
1.520
1.382
2.178
1.404
1.505
1.230
5.479
1.449
2.000
1.736
2.180
2.675
1.766
3.045
1.984
1.788
2.117
3.882
2.477
1.518
3.888
2.630
1.603
2.178
1.526
0.987
1.878
3.095
1.422
1.619
1.436
0.822
0.914
0.535
0.822
0.783
1.103
0.795
0.834
0.705
2.957
0.830
1.145
1.319
1.258
1.532
1.084
1.814
1.244
0.991
1.308
2.188
1.437
0.957
2.191
1.650
1.013
1.296
0.981
0.637
1.162
1.815
0.873
0.991
0.894
0.518
0.914
1.424
1.349
1.926
1.386
1.440
1.219
4.526
1.338
1.685
1.525
1.957
2.343
1.807
2.876
1.766
1.574
1.940
3.259
2.153
1.588
3.315
2.357
1.488
1.881
1.530
0.946
1.619
2.640
1.423
1.411
1.294
0.754
0.811
0.805
1.129
0.759
0.825
0.703
2.558
0.740
0.977
0.895
1.139
1.354
1.027
1.675
1.157
0.930
1.211
2.040
1.347
0.899
2.017
1.431
0.934
1.142
0.812
0.548
0.961
1.441
0.776
0.920
0.829
0.463
1.172
1.674
1.226
1.293
1.116
3.912
1.126
1.498
1.302
1.729
2.067
1.415
2.405
1.873
1.440
1.789
2.725
1.899
1.337
3.109
2.024
1.266
1.671
1.133
0.907
1.425
2.241
1.183
1.361
1.227
0.706
1.663
1.226
1.346
1.098
4.556
1.181
1.574
1.359
1.734
2.134
1.476
2.483
1.653
1.334
1.754
3.554
1.993
1.299
3.024
2.218
1.349
1.720
1.222
0.826
1.436
2.357
1.203
1.334
1.106
0.743
1.537
1.867
1.493
5.439
1.420
1.933
1.732
2.223
2.896
1.904
3.176
2.149
1.790
2.261
3.961
2.619
1.701
3.875
2.934
1.740
2.326
1.596
1.041
1.937
2.978
1.650
1.922
1.729
0.986
1.224
1.031
3.966
1.124
1.464
1.439
1.693
2.117
1.445
2.458
1.641
1.376
1.925
3.696
2.255
1.309
3.028
2.118
1.328
1.716
1.222
0.810
1.479
2.419
1.152
1.282
1.272
0.689
1.150
4.441
1.170
1.669
1.426
1.985
2.392
1.683
2.692
1.677
1.403
1.877
3.343
2.128
1.308
3.132
2.183
1.355
1.968
1.250
0.828
1.506
2.400
1.173
1.350
1.250
0.705
3.793
0.997
1.308
1.222
1.530
2.050
1.420
2.350
1.516
1.220
1.603
3.133
1.874
1.166
2.887
2.092
1.258
1.662
1.113
0.769
1.315
1.956
1.052
1.178
1.112
0.627
4.212
6.384
4.697
6.234
9.492
5.648
9.818
5.731
4.384
6.132
12.403
7.541
4.434
12.059
7.986
4.706
6.492
4.467
2.945
5.289
9.317
4.180
4.884
4.095
2.316
1.362
1.225
1.571
1.963
1.356
2.255
1.520
1.243
1.794
3.215
1.992
1.382
3.445
2.178
1.335
1.750
1.305
0.916
1.645
3.056
1.172
1.385
1.174
0.694
1.836
2.503
3.162
2.010
3.713
2.528
1.868
2.568
4.527
2.791
1.704
4.312
2.714
1.698
2.235
1.555
1.105
2.205
3.387
1.566
1.699
1.489
0.971
1.954
2.325
1.599
2.706
1.856
1.538
1.910
3.262
2.104
1.431
3.348
2.345
1.483
1.884
1.337
0.900
1.618
2.455
1.267
1.514
1.422
0.878
4.116
2.381
4.260
2.726
2.068
2.922
5.232
3.397
2.048
5.391
4.139
2.263
2.841
2.082
1.263
2.427
4.276
1.702
2.050
1.908
1.051
2.867
5.747
3.232
2.859
3.885
7.563
4.474
2.350
6.443
4.215
2.471
3.354
2.293
1.445
2.893
5.104
2.166
2.686
2.396
1.234
2.900
2.028
1.530
2.193
3.510
2.266
1.514
3.397
2.495
1.557
2.063
1.417
0.924
1.706
2.626
1.346
1.545
1.400
0.834
3.443
2.652
3.752
6.877
4.386
2.674
6.887
4.585
3.145
3.873
2.568
1.656
3.283
5.326
2.487
2.851
2.567
1.415
1.784
2.346
4.152
2.722
1.723
4.047
3.003
1.817
2.359
1.633
1.083
2.014
3.119
1.576
1.785
1.602
0.919
1.814
3.262
2.032
1.352
3.018
2.251
1.414
1.774
1.294
0.868
1.497
2.275
1.216
1.357
1.246
0.721
4.344
2.843
1.788
4.319
3.163
1.872
2.444
1.716
1.115
2.132
3.327
1.818
1.926
1.674
0.960
6.265
3.430
9.568
6.300
3.537
5.162
3.459
2.164
4.167
7.305
3.290
3.869
3.318
1.831
2.145
5.839
4.164
2.180
3.074
2.141
1.324
2.746
4.320
2.049
2.345
3.950
1.128
3.088
2.262
1.410
2.016
1.285
0.841
1.559
2.370
1.295
1.388
1.237
0.721
5.985
3.401
4.880
3.294
2.065
4.004
7.086
3.167
3.690
3.178
1.808
2.320
3.074
2.134
1.427
2.604
4.271
2.036
2.349
2.049
1.176
1.796
1.316
0.930
1.522
2.351
1.224
1.399
1.248
0.732
1.775
1.149
2.201
3.606
1.764
1.952
1.697
0.988
0.801
1.499
2.350
1.299
1.349
1.216
0.678
0.953
1.485
0.747
0.858
0.783
0.446
3.056
1.528
1.739
1.498
0.872
2.699
3.056
2.541
1.469
1.337
1.128
0.655
1.322
0.768
0.667
