1.876
2.063
1.775
1.630
1.807
1.490
1.833
1.650
2.431
1.618
2.005
1.434
1.772
1.900
1.949
1.710
1.702
2.475
1.786
4.000
2.728
1.643
1.245
5.170
3.778
1.992
2.005
1.877
4.377
1.478
3.433
2.261
2.064
1.742
1.221
2.232
1.502
1.526
2.602
0.303
0.491
0.599
0.454
0.409
0.614
0.232
1.477
0.368
0.414
1.237
0.542
0.618
0.589
0.759
0.916
0.712
0.333
0.927
1.756
2.975
2.653
2.121
0.840
1.964
2.104
1.896
1.617
2.392
2.528
2.313
2.591
1.989
2.530
3.355
1.855
1.714
2.638
1.920
2.291
1.417
2.127
1.842
1.661
1.392
2.009
1.349
1.442
2.177
1.375
1.988
1.595
2.321
1.743
1.132
2.120
2.092
2.470
1.545
1.489
1.443
1.410
1.712
1.037
1.010
0.799
0.811
0.823
0.890
1.706
1.063
1.249
1.687
0.999
1.350
1.128
1.156
1.485
1.645
0.855
1.547
0.993
1.234
0.930
1.047
1.243
1.601
1.359
0.863
0.926
1.353
1.030
1.098
1.247
1.446
1.078
2.059
0.625
0.564
1.700
0.687
1.086
0.726
0.922
1.506
2.275
1.612
1.774
1.799
1.735
1.601
1.302
1.758
2.699
2.409
2.093
2.390
1.908
2.365
2.116
3.394
2.061
2.625
1.800
2.379
2.496
2.514
2.209
2.201
3.408
2.323
5.382
3.426
2.186
1.591
6.773
5.246
2.674
2.746
2.484
5.680
1.900
4.116
2.828
2.717
2.296
1.755
3.085
2.116
2.138
3.474
0.390
0.647
0.807
0.573
0.514
0.778
0.282
2.031
0.455
0.501
1.571
0.702
0.821
0.720
0.998
1.216
0.917
0.407
1.228
2.317
4.102
3.734
2.983
1.066
2.753
2.922
2.646
2.234
3.234
3.543
3.091
3.562
2.757
3.610
5.080
2.494
2.177
3.449
2.655
3.202
1.812
2.927
2.368
2.104
1.705
2.638
1.703
1.889
2.776
1.742
2.538
1.988
2.658
2.022
1.414
2.756
2.726
3.314
1.884
1.915
1.849
1.891
2.312
1.282
1.252
1.001
1.013
1.024
1.259
2.154
1.339
1.591
2.214
1.269
1.775
1.414
1.509
1.921
2.242
1.062
2.140
1.298
1.754
1.201
1.400
1.646
2.394
1.808
1.092
1.230
1.788
1.188
1.410
1.697
1.826
1.323
2.758
0.764
0.685
2.298
0.873
1.361
0.839
1.176
1.860
3.237
2.162
2.355
2.300
2.218
2.363
1.682
2.271
2.420
2.230
2.579
2.116
2.546
2.242
3.619
2.236
2.887
1.969
2.564
2.633
2.744
2.293
2.387
3.632
2.525
5.782
3.896
2.344
1.707
7.236
5.733
3.741
2.895
2.755
6.286
2.048
4.748
3.255
3.026
2.495
1.727
3.200
2.301
2.387
3.767
0.428
0.704
0.867
0.570
0.575
0.872
0.301
2.143
0.474
0.551
1.559
0.742
0.879
0.736
0.961
1.225
0.925
0.432
1.264
2.267
4.117
3.735
2.850
1.064
2.635
2.769
2.799
2.387
3.462
3.754
3.281
3.872
2.891
3.827
5.188
2.692
2.381
3.843
2.794
3.313
1.945
3.151
2.536
2.732
1.869
2.785
1.768
2.035
3.043
1.868
2.751
2.161
2.971
2.393
1.510
2.921
2.930
3.466
2.009
1.991
1.901
2.241
2.422
1.363
1.261
1.008
1.073
1.013
1.348
2.358
1.347
1.667
2.423
1.267
1.811
1.524
1.553
1.974
2.115
1.047
2.068
1.302
1.733
1.248
1.330
1.609
2.235
1.957
1.164
1.344
1.881
1.477
1.519
1.826
2.022
1.459
2.925
0.833
0.748
2.457
0.931
1.527
0.931
1.235
1.994
3.189
2.095
2.498
2.392
2.368
2.301
1.781
2.529
1.965
2.173
1.856
2.229
1.880
3.287
2.066
2.380
1.701
2.255
2.286
2.336
1.973
2.018
3.121
2.399
4.928
3.240
2.005
1.498
6.277
4.627
2.221
2.240
2.324
5.115
1.692
3.657
2.642
2.373
2.009
1.402
2.693
1.768
1.865
3.292
0.373
0.572
0.760
0.534
0.464
0.732
0.260
1.782
0.420
0.483
1.528
0.635
0.751
0.691
0.877
1.105
0.856
0.389
1.133
2.399
3.951
3.478
2.862
0.969
2.546
2.655
2.430
2.106
2.981
3.306
2.843
3.367
2.626
3.308
4.586
2.296
2.026
3.236
2.380
2.890
1.574
2.691
2.146
1.960
1.642
2.337
1.619
1.761
2.571
1.561
2.347
1.794
2.460
2.170
1.359
2.363
2.510
2.866
1.651
1.604
1.688
1.794
2.126
1.199
1.181
0.924
0.936
0.959
1.131
2.017
1.242
1.522
2.086
1.193
1.595
1.353
1.409
1.784
2.061
1.014
1.959
1.227
1.634
1.155
1.291
1.545
2.137
1.724
1.030
1.167
1.690
1.273
1.306
1.580
1.740
1.245
2.589
0.725
0.664
2.133
0.803
1.317
0.762
1.079
1.682
2.713
1.876
2.082
2.096
2.074
1.935
1.565
2.150
2.032
1.635
1.960
1.675
2.683
1.748
1.968
1.535
1.983
2.069
2.067
1.834
1.818
2.746
1.906
4.356
2.983
1.779
1.349
5.455
4.271
2.143
2.259
2.108
4.670
1.533
3.363
2.435
2.214
1.882
1.289
2.294
1.695
1.736
2.805
0.336
0.550
0.675
0.463
0.400
0.627
0.240
1.600
0.398
0.433
1.477
0.490
0.670
0.630
0.821
0.968
0.733
0.353
1.008
1.853
3.304
2.970
2.345
0.899
2.173
2.319
2.100
1.700
2.572
2.604
2.405
2.656
2.001
2.517
3.689
1.990
1.805
2.911
2.042
2.474
1.510
2.375
1.959
1.748
1.475
2.092
1.455
1.533
2.330
1.458
2.110
1.683
2.203
1.839
1.198
2.248
2.204
2.635
1.639
1.597
1.517
1.504
1.912
1.073
1.083
0.851
0.842
0.873
1.030
1.773
1.009
1.329
1.815
1.064
1.428
1.200
1.255
1.559
1.730
0.912
1.704
1.078
1.398
0.998
1.116
1.293
1.818
1.471
0.919
1.053
1.444
1.071
1.155
1.370
1.470
1.069
2.231
0.649
0.596
1.808
0.725
1.174
0.747
0.989
1.549
2.366
1.908
1.934
1.795
1.877
1.904
1.363
1.889
1.871
2.254
1.975
3.128
1.984
2.482
1.708
2.172
2.307
2.356
2.059
2.109
3.170
2.195
4.980
3.198
1.894
1.507
6.324
4.817
2.362
2.506
2.245
5.344
1.777
3.800
2.745
2.314
2.020
1.391
2.532
1.766
1.791
3.211
0.369
0.563
0.733
0.509
0.441
0.670
0.244
1.641
0.391
0.445
1.504
0.642
0.762
0.702
0.915
1.099
0.846
0.389
1.141
2.215
3.868
3.366
2.712
1.016
2.523
2.784
2.374
2.051
3.008
3.109
2.949
3.358
2.521
3.284
4.483
2.275
1.918
3.296
2.545
2.936
1.647
2.680
2.204
2.010
1.665
2.459
1.635
1.764
2.704
1.846
2.423
1.913
2.484
2.068
1.249
2.490
2.608
3.045
1.746
1.780
1.618
1.623
1.977
1.242
1.094
0.950
0.886
0.874
1.070
1.916
1.259
1.557
2.069
1.192
1.653
1.353
1.435
1.789
1.992
1.017
1.947
1.217
1.634
1.121
1.295
1.515
2.095
1.714
1.034
1.179
1.681
1.236
1.296
1.591
1.742
1.265
2.555
0.731
0.666
2.134
0.850
1.333
0.827
1.059
1.763
2.644
1.955
2.170
2.106
2.164
1.922
1.542
2.138
1.791
1.571
2.363
1.566
1.909
1.443
1.814
1.862
1.919
1.690
1.696
2.407
1.736
3.842
2.659
1.619
1.198
4.588
3.707
1.957
1.981
1.866
4.298
1.440
3.032
2.196
1.964
1.665
1.223
2.236
1.552
1.630
2.442
0.311
0.511
0.630
0.450
0.412
0.609
0.231
1.447
0.373
0.421
1.229
0.537
0.610
0.539
0.777
0.923
0.688
0.335
0.983
1.736
2.853
2.616
2.118
0.820
1.960
2.057
1.873
1.571
2.345
2.438
2.137
2.526
1.917
2.505
3.157
1.799
1.608
2.662
1.829
2.293
1.403
2.094
1.810
1.601
1.348
2.017
1.297
1.425
2.179
1.856
1.984
1.574
2.007
1.722
1.147
2.127
2.045
2.414
1.536
1.500
1.433
1.380
1.684
1.030
0.996
0.757
0.795
0.836
0.960
1.596
1.030
1.219
1.586
1.006
1.346
1.120
1.156
1.393
1.575
0.850
1.511
0.985
1.234
0.900
1.075
1.195
1.536
1.212
0.868
0.964
1.271
1.025
1.034
1.292
1.380
1.009
1.975
0.623
0.575
1.621
0.699
1.095
0.698
0.912
1.441
2.197
1.566
1.742
1.736
1.763
1.578
1.274
1.734
1.900
2.908
1.917
2.391
1.688
2.177
2.218
2.288
1.992
2.115
2.921
2.148
4.823
3.197
1.965
1.472
6.033
4.580
2.382
2.378
2.249
5.118
1.721
3.792
2.707
2.436
2.046
1.487
2.728
1.867
1.915
3.177
0.367
0.604
0.734
0.537
0.475
0.713
0.261
1.742
0.420
0.527
1.435
0.628
0.735
0.612
0.854
0.983
0.760
0.380
1.074
2.035
3.458
2.930
2.441
0.989
2.459
2.523
2.365
1.972
2.862
3.011
2.751
3.342
2.430
3.150
4.241
2.210
1.967
3.028
2.267
2.818
1.645
2.621
2.166
1.961
1.614
2.361
1.540
1.635
2.578
1.598
2.374
1.865
2.370
2.012
1.307
2.451
2.497
2.922
1.803
1.695
1.658
1.586
1.947
1.172
1.038
0.913
0.888
0.937
1.106
1.884
1.231
1.416
1.874
1.171
1.641
1.318
1.243
1.633
1.866
0.915
1.936
1.109
1.470
1.027
1.258
1.474
2.032
1.613
1.008
1.138
1.623
1.223
1.251
1.435
1.675
1.208
2.470
0.714
0.640
2.039
0.785
1.390
0.810
1.135
1.699
2.605
1.887
2.114
2.095
2.037
1.913
1.538
2.098
2.584
1.751
2.063
1.502
1.946
2.053
2.002
1.802
1.727
2.612
1.895
4.032
2.802
1.756
1.346
5.081
3.955
2.066
2.160
1.888
4.605
1.495
3.173
2.238
2.088
1.759
1.296
2.356
1.521
1.603
2.457
0.299
0.551
0.670
0.483
0.454
0.659
0.244
1.529
0.390
0.437
1.346
0.558
0.657
0.629
0.842
0.936
0.755
0.307
0.972
2.022
3.161
2.836
2.279
0.883
2.103
2.267
2.020
1.734
2.472
2.545
2.433
2.736
2.159
2.646
3.634
2.149
1.816
2.765
2.037
2.504
1.563
2.363
1.979
1.731
1.459
2.131
1.441
1.561
2.323
1.451
2.100
1.635
2.186
1.775
1.200
2.242
2.175
2.558
1.622
1.577
1.469
1.452
1.832
1.108
1.058
0.834
0.842
0.880
1.038
1.698
1.109
1.310
1.803
1.060
1.464
1.280
1.242
1.515
1.701
0.914
1.717
1.061
1.350
0.967
1.121
1.296
1.794
1.408
0.866
1.017
1.429
1.108
1.121
1.356
1.481
1.070
2.172
0.665
0.519
1.811
0.731
1.195
0.752
0.976
1.554
2.265
1.947
1.844
1.881
1.810
1.684
1.334
1.834
2.822
3.707
2.458
3.157
3.366
3.318
2.984
3.071
4.649
2.988
7.900
4.891
3.060
2.123
9.737
7.101
3.823
3.832
3.678
8.135
2.565
7.124
4.371
3.942
3.330
2.286
4.303
2.944
3.043
4.809
0.509
0.877
1.077
0.754
0.683
1.052
0.362
2.636
0.590
0.755
1.955
0.855
1.061
0.907
1.327
1.542
1.103
0.517
1.811
3.002
5.386
5.105
4.286
1.313
3.547
3.592
3.360
2.975
4.141
4.725
3.928
4.704
3.563
4.813
6.394
3.311
2.717
4.356
3.350
4.003
2.153
4.146
3.152
2.851
2.292
3.689
2.239
2.629
3.786
2.303
3.558
2.805
3.895
2.981
1.879
3.823
3.886
5.062
2.601
2.581
2.396
2.615
3.196
1.693
1.688
1.286
1.308
1.326
1.651
3.101
1.787
2.170
2.985
1.700
2.404
1.936
1.968
2.733
3.083
1.374
3.029
1.835
2.369
1.527
1.814
2.198
3.095
2.334
1.358
1.500
2.579
1.661
1.728
2.234
2.394
1.685
3.579
0.892
0.829
3.263
1.040
1.732
1.117
1.493
2.539
4.041
3.001
3.116
3.175
2.990
2.889
2.237
3.185
2.123
1.528
1.969
2.045
2.065
1.779
1.838
2.599
1.874
4.201
2.862
1.727
1.316
5.316
4.118
2.074
2.204
1.948
4.740
1.734
3.322
2.403
2.114
1.750
1.313
2.312
1.531
1.602
2.608
0.307
0.483
0.664
0.485
0.442
0.657
0.245
1.459
0.391
0.441
1.315
0.562
0.614
0.612
0.803
0.930
0.691
0.358
0.927
1.714
2.940
2.909
2.398
0.903
2.183
2.292
2.118
1.728
2.505
2.642
2.430
2.750
2.163
2.641
3.536
2.014
1.800
2.758
1.994
2.481
1.495
2.340
1.970
1.725
1.433
2.138
1.380
1.562
2.261
1.469
2.117
1.599
2.160
1.908
1.185
2.215
2.228
2.566
1.626
1.618
1.529
1.400
1.777
1.028
1.062
0.773
0.851
0.889
0.935
1.618
1.050
1.369
1.791
1.035
1.373
1.176
1.165
1.439
1.671
0.833
1.692
1.166
1.370
0.986
1.123
1.280
1.784
1.412
0.916
1.031
1.430
1.109
1.136
1.343
1.521
1.075
2.168
0.718
0.589
1.797
0.751
1.180
0.758
0.962
1.525
2.343
1.751
1.986
2.096
1.808
1.867
1.403
1.892
1.935
2.566
2.689
2.686
2.329
2.396
3.620
2.490
5.765
3.920
2.357
1.650
7.471
5.635
2.871
2.907
2.744
5.854
1.867
4.718
3.153
2.857
2.276
1.600
2.955
2.129
2.186
3.440
0.379
0.678
0.896
0.610
0.543
0.819
0.292
2.025
0.474
0.529
1.676
0.711
0.859
0.773
1.060
1.252
0.941
0.430
1.326
2.563
4.596
3.857
3.205
1.135
3.043
3.086
2.809
2.612
3.483
3.777
3.241
3.966
2.988
3.846
5.303
2.763
2.353
3.909
2.744
3.378
1.876
3.011
2.380
2.166
1.764
2.661
1.690
1.960
2.823
1.663
2.607
1.965
2.779
2.200
1.351
2.778
2.821
3.196
1.864
1.949
1.760
1.875
2.196
1.339
1.320
1.042
1.040
1.075
1.296
2.341
1.435
1.736
2.372
1.315
1.795
1.598
1.569
2.092
2.330
1.136
2.416
1.401
1.944
1.309
1.474
1.726
2.525
1.978
1.147
1.340
2.007
1.447
1.479
1.809
1.898
1.442
2.775
0.768
0.723
2.513
0.906
1.475
0.921
1.169
1.944
3.098
2.190
2.544
2.470
2.411
2.266
1.675
2.370
1.651
1.756
1.829
1.599
1.556
2.172
1.546
3.629
2.411
1.535
1.080
4.636
3.570
1.875
1.887
1.735
4.016
1.353
2.870
2.138
1.883
1.635
1.160
2.078
1.467
1.469
2.364
0.309
0.485
0.598
0.429
0.364
0.577
0.218
1.404
0.341
0.392
1.164
0.499
0.577
0.551
0.738
0.852
0.777
0.358
0.854
1.622
2.793
2.503
1.985
0.790
1.820
1.982
1.795
1.532
2.252
2.301
2.012
2.428
1.885
2.503
3.161
1.713
1.578
2.441
1.736
2.131
1.325
2.073
1.820
1.497
1.207
1.910
1.306
1.399
2.059
1.282
1.850
1.478
1.931
1.609
1.067
1.943
1.918
2.130
1.394
1.469
1.362
1.303
1.591
0.965
0.974
0.752
0.758
0.770
0.910
1.508
0.997
1.148
1.603
0.918
1.266
1.046
1.081
1.362
1.492
0.796
1.434
1.024
1.191
0.860
1.003
1.130
1.585
1.243
0.800
0.907
1.233
0.934
0.968
1.188
1.293
0.952
1.890
0.587
0.530
1.450
0.662
1.039
0.690
0.859
1.359
2.068
1.489
1.642
1.641
1.606
1.502
1.205
1.620
2.320
2.386
2.070
2.071
3.038
2.042
4.847
3.312
2.020
1.520
6.153
4.605
2.477
2.485
2.386
5.262
1.793
3.825
2.751
2.482
2.130
1.530
2.769
1.943
1.964
3.088
0.381
0.619
0.771
0.557
0.494
0.754
0.276
1.840
0.445
0.498
1.505
0.633
0.735
0.707
0.958
1.090
0.751
0.357
1.126
2.064
3.644
3.088
2.527
1.004
2.409
2.398
2.170
1.918
2.978
3.120
2.836
3.323
2.443
3.193
4.278
2.336
2.045
3.232
2.330
2.829
1.719
2.632
2.246
2.002
1.685
2.447
1.631
1.796
2.678
1.696
2.419
1.952
2.516
2.098
1.339
2.871
2.846
2.898
1.863
1.809
1.725
1.711
2.076
1.176
1.226
0.968
0.890
0.980
1.180
1.994
1.277
1.502
2.059
1.222
1.619
1.365
1.378
1.644
1.952
0.990
1.852
1.116
1.518
1.099
1.199
1.514
1.908
1.521
0.954
1.177
1.651
1.286
1.303
1.364
1.650
1.252
2.529
0.746
0.677
2.115
0.739
1.358
0.879
1.107
1.756
2.779
1.987
2.167
2.142
2.089
1.975
1.552
2.138
2.467
2.185
2.181
3.313
2.299
5.321
3.501
2.183
1.537
6.694
5.168
2.627
2.551
2.461
5.633
1.877
4.621
3.154
2.579
2.462
1.425
2.795
1.920
2.082
3.133
0.351
0.648
0.686
0.516
0.476
0.752
0.249
1.724
0.459
0.507
1.462
0.611
0.792
0.738
0.877
1.024
0.855
0.413
1.216
2.304
4.033
3.657
2.819
1.087
2.637
2.803
2.616
2.144
3.245
3.444
3.000
3.523
2.703
3.597
4.827
2.492
2.163
3.480
2.499
3.163
1.752
2.849
2.368
2.057
1.730
2.838
1.667
1.844
2.765
1.722
2.535
2.116
2.544
2.109
1.302
2.672
2.552
2.952
1.828
1.720
1.692
1.680
2.046
1.160
1.142
0.893
0.899
0.926
1.173
2.133
1.310
1.582
1.997
1.266
1.744
1.407
1.476
1.919
2.131
1.061
2.098
1.295
1.702
1.172
1.369
1.589
2.301
1.776
1.092
1.218
1.770
1.345
1.395
1.630
1.865
1.308
2.713
0.764
0.690
2.201
0.848
1.419
0.867
1.139
1.838
2.893
2.033
2.213
2.300
2.207
2.003
1.634
2.268
2.207
2.202
3.305
2.337
5.118
3.550
2.301
1.594
6.885
4.924
2.658
2.648
2.329
5.462
1.744
3.953
2.758
2.461
2.114
1.484
2.779
2.096
2.148
3.384
0.406
0.662
0.812
0.587
0.522
0.802
0.286
1.930
0.477
0.469
1.596
0.690
0.807
0.753
1.003
1.179
0.915
0.424
1.226
2.232
3.990
3.555
2.895
1.088
2.675
2.804
2.502
2.245
3.249
3.345
3.053
3.471
2.688
3.468
4.526
2.325
2.167
3.485
2.569
2.931
1.805
2.886
2.378
2.129
1.760
2.610
1.731
1.783
2.733
1.614
2.381
1.872
2.553
2.046
1.394
2.586
2.473
3.219
1.975
1.919
1.811
1.847
2.257
1.299
1.286
1.005
1.009
1.038
1.248
2.126
1.338
1.618
2.224
1.281
1.719
1.446
1.497
1.814
2.127
1.094
2.087
1.305
1.684
1.213
1.382
1.593
2.312
1.772
1.098
1.225
1.644
1.355
1.366
1.666
1.834
1.413
2.700
0.792
0.722
2.270
0.999
1.435
0.895
1.177
1.875
2.853
2.031
2.309
2.102
2.182
2.078
1.693
2.303
1.920
2.944
2.022
4.461
2.989
1.792
1.408
5.740
4.387
2.239
2.322
2.136
5.048
1.578
3.644
2.632
2.346
2.035
1.404
2.520
1.754
1.866
2.933
0.356
0.596
0.732
0.525
0.459
0.695
0.253
1.933
0.414
0.465
1.394
0.611
0.702
0.664
0.839
1.027
0.804
0.370
1.045
1.983
3.460
3.172
2.551
0.976
2.281
2.414
2.191
1.892
2.763
2.866
2.563
3.011
2.252
3.077
3.726
2.038
2.083
2.888
2.048
2.582
1.449
2.390
1.898
1.717
1.682
2.292
1.514
1.664
2.459
1.516
2.283
1.788
2.338
1.949
1.196
2.378
2.428
2.826
1.748
1.741
1.625
1.609
1.950
1.145
1.155
0.930
0.899
0.941
1.251
1.874
1.194
1.396
2.025
1.136
1.522
1.259
1.322
1.653
1.834
0.898
1.780
1.137
1.375
1.070
1.213
1.411
1.928
1.534
0.967
1.098
1.549
1.181
1.209
1.400
1.564
1.152
2.292
0.685
0.628
1.932
0.776
1.249
0.790
1.030
1.626
2.508
1.821
2.002
2.014
1.916
1.802
1.450
1.977
2.920
2.026
4.527
3.115
1.884
1.390
6.000
4.442
2.350
2.353
2.127
4.871
1.659
3.610
2.579
2.375
1.968
1.377
2.666
1.811
1.872
3.062
0.351
0.581
0.710
0.506
0.460
0.682
0.251
1.563
0.374
0.454
1.365
0.578
0.707
0.650
0.876
1.014
0.803
0.374
1.064
2.055
3.439
3.137
2.398
0.924
2.164
2.261
2.033
1.968
2.632
2.916
2.408
3.140
2.348
3.044
4.171
2.168
1.914
3.096
2.513
2.586
1.608
2.551
2.042
1.839
1.533
2.239
1.477
1.698
2.474
1.529
2.262
1.782
2.353
1.906
1.248
2.414
2.317
2.788
1.647
1.682
1.657
1.673
1.930
1.150
1.110
0.886
0.898
0.918
1.082
1.884
1.146
1.426
1.920
1.113
1.486
1.263
1.308
1.651
1.855
0.944
1.829
1.135
1.462
1.064
1.169
1.433
1.851
1.445
0.885
1.101
1.490
1.152
1.206
1.456
1.593
1.155
2.335
0.700
0.635
1.981
0.762
1.379
0.773
1.017
1.657
2.502
1.868
1.976
2.000
1.913
1.827
1.447
1.992
3.180
7.276
5.062
3.028
2.127
9.487
7.440
3.730
3.730
3.654
7.605
2.578
6.200
4.256
3.722
3.130
2.125
3.911
2.691
2.725
4.707
0.468
0.786
0.992
0.756
0.613
0.927
0.333
2.295
0.537
0.609
1.909
0.839
0.985
0.887
1.183
1.437
1.079
0.479
1.515
3.182
5.821
5.162
4.516
1.436
3.790
3.916
3.728
3.170
4.264
5.332
4.312
4.992
3.816
5.100
7.046
3.490
2.937
4.995
3.583
4.625
2.357
3.987
3.001
2.776
2.208
3.347
2.073
2.394
3.738
2.274
3.552
2.631
3.579
2.903
1.705
3.454
3.328
4.164
2.372
2.324
2.253
2.337
2.838
1.482
1.473
1.219
1.161
1.294
1.438
2.713
1.773
1.922
2.680
1.577
2.243
1.756
1.948
2.593
2.768
1.273
2.838
1.715
2.438
1.695
1.853
2.251
3.423
2.663
1.457
1.613
2.543
1.825
1.915
2.403
2.516
1.842
3.895
0.957
0.860
3.182
1.077
1.820
1.122
1.499
2.529
4.032
2.855
3.081
3.147
2.965
2.891
2.228
3.247
4.781
3.317
1.865
1.434
5.785
4.581
2.464
2.369
2.236
5.176
1.607
3.872
2.647
2.258
1.919
1.354
2.525
1.780
1.754
2.838
0.326
0.548
0.668
0.488
0.432
0.673
0.236
1.650
0.427
0.476
1.447
0.655
0.755
0.690
0.925
1.098
0.839
0.388
1.126
2.116
3.687
3.296
2.720
0.973
2.465
2.586
2.381
2.023
2.938
3.058
2.934
3.261
2.487
3.203
4.339
2.273
2.023
3.166
2.347
2.827
1.646
2.639
2.139
1.966
1.683
2.402
1.589
1.721
2.547
1.611
2.343
1.875
2.412
2.011
1.318
2.462
2.474
2.954
1.808
1.751
1.646
1.645
2.005
1.127
1.148
0.917
0.847
0.927
1.137
2.044
1.261
1.518
2.027
1.149
1.615
1.331
1.391
1.751
2.043
0.995
1.918
1.192
1.570
1.098
1.259
1.519
2.126
1.629
1.016
1.184
1.657
1.240
1.280
1.569
1.709
1.246
2.613
0.714
0.646
2.047
0.796
1.328
0.805
1.060
1.772
2.763
1.889
2.157
2.115
1.987
1.908
1.451
2.152
7.996
4.681
3.331
15.008
10.717
5.799
5.621
4.951
11.970
3.822
8.729
5.970
5.320
4.750
3.276
5.745
4.221
4.594
7.517
0.810
1.443
1.698
1.227
1.112
1.560
0.596
3.980
0.952
1.068
3.402
1.465
1.703
1.534
2.161
2.503
1.904
0.854
2.688
5.265
9.353
8.270
6.476
2.323
5.719
6.193
5.449
4.393
6.921
7.073
5.836
7.110
5.511
7.204
9.985
4.801
4.263
7.266
5.267
6.074
3.536
5.738
4.518
4.112
3.405
5.165
3.232
3.669
5.620
3.298
4.973
3.937
5.459
4.358
2.697
5.394
5.447
6.199
3.814
4.284
3.922
4.063
4.886
2.710
2.715
2.078
2.065
2.164
2.606
4.817
2.822
3.588
4.789
2.708
3.769
3.014
3.252
4.207
4.872
2.277
4.608
2.680
3.833
2.557
3.081
3.515
4.971
3.874
2.088
2.637
3.708
2.757
2.970
3.600
3.652
2.595
5.235
1.439
1.411
4.779
1.668
2.777
1.988
2.377
3.767
5.822
4.185
4.256
4.524
4.410
4.297
3.210
4.582
2.825
1.988
8.670
6.358
3.389
3.360
3.136
7.891
2.665
5.791
4.077
3.757
3.156
2.290
4.097
2.885
2.884
4.734
0.566
0.897
1.107
0.811
0.720
1.081
0.394
2.605
0.628
0.709
2.197
0.994
1.106
0.989
1.387
1.617
1.198
0.568
1.705
3.176
5.821
4.958
4.042
1.501
3.734
3.918
3.624
2.994
4.214
4.425
4.223
4.725
3.442
4.344
5.955
3.123
2.732
4.411
3.314
3.899
2.258
3.647
3.024
2.846
2.261
3.306
2.108
2.358
3.834
2.214
3.507
2.709
3.876
3.080
1.936
3.840
3.772
5.011
2.703
2.764
2.551
2.633
3.217
1.767
1.740
1.925
1.391
1.361
1.735
3.006
1.839
2.223
3.052
1.721
2.345
2.025
2.098
2.659
3.003
1.473
2.852
1.777
2.442
1.652
1.899
2.202
3.218
2.435
1.493
1.567
2.413
1.752
1.818
2.195
2.368
1.745
3.661
0.959
0.877
2.840
1.070
1.840
1.105
1.439
2.338
3.675
2.653
2.850
2.929
2.790
2.647
2.272
3.200
1.377
5.979
4.558
2.355
2.311
2.220
4.931
1.636
3.733
2.682
2.371
2.080
1.410
2.656
1.795
1.869
3.038
0.343
0.559
0.690
0.497
0.445
0.678
0.246
1.676
0.395
0.439
1.372
0.605
0.710
0.650
0.873
1.130
0.780
0.354
1.066
2.076
3.532
3.342
2.627
0.956
2.483
2.515
2.341
2.011
2.791
2.977
2.505
2.973
2.320
2.967
4.292
2.085
1.801
2.861
2.143
2.607
1.598
2.690
2.047
1.771
1.521
2.291
1.452
1.636
2.462
1.469
2.288
1.738
2.364
1.913
1.204
2.367
2.321
2.810
1.658
1.638
1.612
1.654
1.992
1.102
1.053
0.860
0.861
0.891
1.069
1.922
1.175
1.422
1.920
1.086
1.532
1.266
1.264
1.697
1.918
0.923
1.870
1.119
1.590
1.058
1.194
1.528
2.105
1.589
0.917
1.104
1.592
1.212
1.110
1.484
1.590
1.132
2.416
0.612
0.597
1.885
0.750
1.222
0.677
0.962
1.661
2.590
1.770
2.008
1.997
1.945
1.830
1.462
1.997
4.068
3.141
1.637
1.652
1.545
3.534
1.200
2.559
1.839
1.656
1.423
1.021
1.834
1.311
1.323
2.085
0.264
0.436
0.522
0.380
0.345
0.504
0.196
1.228
0.308
0.340
1.007
0.442
0.462
0.467
0.667
0.741
0.576
0.277
0.764
1.444
2.466
2.158
1.833
0.636
1.697
1.803
1.609
1.217
1.942
2.085
1.876
2.142
1.664
2.102
2.801
1.537
1.373
2.127
1.545
1.886
1.167
1.838
1.480
1.349
1.130
1.657
1.099
1.215
1.799
1.120
1.611
1.299
1.685
1.406
0.935
1.696
1.733
2.065
1.272
1.240
1.193
1.173
1.369
0.805
0.782
0.641
0.645
0.650
0.797
1.357
0.869
0.998
1.408
0.784
1.123
0.921
0.974
1.122
1.329
0.698
1.268
0.830
1.009
0.758
0.890
1.014
1.371
1.115
0.703
0.763
1.114
0.853
0.843
0.959
1.134
0.822
1.676
0.507
0.456
1.431
0.563
0.920
0.578
0.733
1.198
1.813
1.327
1.379
1.458
1.400
1.314
0.980
1.464
14.112
7.532
7.546
6.999
16.284
5.232
12.109
7.704
7.651
5.978
3.895
7.693
4.990
5.362
8.860
0.912
1.548
1.927
1.353
1.200
1.842
0.642
4.630
1.066
1.156
3.766
1.612
1.956
1.707
2.403
2.840
2.129
0.894
3.201
5.597
10.593
9.545
7.341
2.624
6.818
7.208
6.449
5.463
7.902
9.824
8.268
10.102
7.505
10.165
14.542
6.959
5.945
9.981
6.989
8.963
4.640
7.452
5.835
5.117
4.172
6.506
3.964
4.514
6.961
4.132
6.293
5.039
7.042
5.559
3.340
6.698
6.679
8.120
4.639
4.579
4.622
4.704
5.609
2.960
2.969
2.372
2.501
2.440
2.970
5.445
3.284
3.976
5.419
2.984
4.251
3.496
3.640
4.881
5.511
2.512
5.274
3.142
5.105
2.967
3.420
4.176
5.784
4.573
2.602
3.051
5.079
3.629
3.767
4.506
5.109
3.691
7.413
1.936
1.743
6.146
2.226
3.667
2.211
2.963
4.908
7.958
5.585
6.037
6.159
5.816
5.467
4.174
6.130
5.661
5.202
5.023
11.939
3.705
8.673
6.305
5.290
4.448
3.294
6.034
4.111
4.168
6.968
0.751
1.206
1.483
1.088
0.937
1.470
0.507
3.731
0.898
0.979
3.041
1.398
1.551
1.372
1.879
2.221
1.703
0.737
2.529
4.705
8.754
7.674
5.844
2.061
5.903
6.419
5.625
5.145
6.929
7.885
6.418
7.908
5.796
8.123
11.312
5.505
4.550
7.877
5.541
6.832
3.521
5.843
4.497
4.102
3.281
5.130
3.100
3.503
5.503
3.249
5.047
3.886
5.312
4.217
2.612
5.417
5.401
6.578
3.664
3.564
3.474
3.809
4.549
2.745
2.390
1.816
1.920
1.998
2.314
4.375
2.511
3.123
4.187
2.361
3.435
2.743
2.813
3.878
4.192
1.990
4.380
2.461
3.749
2.318
2.647
3.605
5.285
3.997
2.268
2.619
4.137
2.829
3.034
3.712
4.119
2.898
6.299
1.493
1.357
4.895
1.743
2.823
1.795
2.340
4.006
5.771
4.519
5.010
4.841
4.542
4.519
3.409
5.191
2.698
2.559
5.603
1.791
4.028
2.997
2.619
2.149
1.563
2.831
1.979
2.078
3.514
0.385
0.620
0.739
0.525
0.506
0.728
0.262
1.791
0.421
0.470
1.456
0.646
0.750
0.680
1.050
1.090
0.839
0.379
1.195
2.180
4.386
3.873
3.034
1.128
2.822
2.984
2.644
2.311
3.333
3.660
3.220
3.782
2.835
3.660
5.231
2.539
2.307
3.700
2.775
3.247
1.875
3.034
2.397
2.325
1.809
2.710
1.733
1.930
2.917
1.785
2.682
2.121
2.864
2.304
1.443
2.787
2.766
3.216
1.847
1.787
1.771
1.759
2.157
1.101
1.146
0.904
0.909
0.949
1.248
2.059
1.319
1.505
2.237
1.207
1.620
1.321
1.412
1.843
2.076
1.050
2.035
1.376
1.876
1.268
1.437
1.728
2.452
1.889
1.122
1.288
1.871
1.435
1.443
1.785
1.855
1.417
2.815
0.769
0.675
2.370
0.873
1.474
0.887
1.176
1.917
3.028
2.104
2.329
2.434
2.255
2.119
1.715
2.444
2.797
5.974
2.018
4.642
3.220
2.980
2.416
1.752
3.213
2.189
2.327
3.798
0.418
0.677
0.861
0.579
0.545
0.793
0.304
1.985
0.487
0.521
1.670
0.676
0.855
0.725
1.034
1.237
0.904
0.437
1.317
2.614
4.540
4.052
3.256
1.157
2.973
3.111
2.808
2.393
3.479
3.659
3.336
3.931
2.960
4.010
5.636
2.704
2.379
3.822
2.747
3.416
1.908
3.076
2.467
2.184
1.847
2.841
1.788
1.839
3.049
1.887
2.754
2.183
2.785
2.245
1.341
2.917
2.706
3.130
1.928
1.846
1.878
1.817
2.158
1.197
1.212
0.939
1.085
0.960
1.153
2.110
1.285
1.596
2.154
1.200
1.669
1.366
1.432
1.896
2.318
1.123
2.291
1.384
1.865
1.282
1.481
1.691
2.468
1.918
1.106
1.352
1.902
1.422
1.499
1.789
1.969
1.415
2.844
0.803
0.737
2.482
0.889
1.487
0.925
1.230
2.021
3.293
2.148
2.393
2.469
2.337
2.212
1.736
2.531
6.000
1.933
4.399
3.061
2.891
2.347
1.699
3.126
2.173
2.207
3.273
0.400
0.646
0.868
0.510
0.507
0.812
0.275
1.855
0.449
0.505
1.500
0.698
0.793
0.727
0.978
1.181
0.890
0.409
1.262
2.758
4.362
3.826
3.042
1.098
2.798
2.875
2.717
2.401
3.282
3.706
3.169
3.814
2.840
3.703
5.104
2.504
2.190
3.654
2.633
3.059
1.797
3.073
2.320
2.186
1.758
2.414
1.530
1.849
2.709
1.712
2.578
1.921
2.725
2.193
1.317
2.541
2.618
3.109
1.744
1.880
1.690
1.759
2.137
1.122
1.113
0.864
0.869
0.902
1.109
2.061
1.291
1.497
2.016
1.111
1.580
1.359
1.491
2.022
2.302
1.082
2.293
1.312
1.867
1.258
1.424
1.725
2.421
1.854
1.083
1.239
1.868
1.379
1.432
1.739
1.802
1.399
2.762
0.731
0.641
2.427
0.842
1.388
0.838
1.132
1.876
2.938
2.087
2.333
2.397
2.185
2.146
1.636
2.397
4.333
9.450
7.484
6.488
5.096
3.446
6.091
4.379
4.380
7.339
0.800
1.318
1.659
1.267
1.049
1.605
0.566
3.935
0.929
1.056
3.209
1.392
1.634
1.518
2.235
2.628
2.017
0.927
2.782
5.081
9.409
8.277
6.637
2.421
6.001
6.535
5.936
5.210
7.589
7.876
6.960
7.735
6.525
7.638
10.205
5.173
4.515
7.254
5.201
6.334
3.683
6.072
4.816
4.587
3.612
5.382
3.483
3.895
5.941
3.788
5.372
4.199
5.646
4.575
2.892
5.622
5.744
6.671
4.038
4.120
3.740
4.025
4.645
3.063
2.578
2.015
2.038
2.090
2.541
4.604
2.759
3.299
4.653
2.592
3.634
3.224
3.405
4.447
4.924
2.411
4.813
2.949
3.921
2.775
3.101
3.728
5.357
4.155
2.476
2.825
4.035
3.157
3.119
3.833
4.212
3.042
6.031
1.695
1.473
5.252
1.774
3.133
1.889
2.618
3.979
6.392
4.316
5.233
4.685
4.610
4.342
3.378
4.807
2.889
2.027
1.823
1.536
1.106
2.005
1.410
1.453
2.391
0.286
0.449
0.558
0.412
0.375
0.568
0.200
1.293
0.287
0.377
1.063
0.471
0.545
0.519
0.760
0.895
0.689
0.313
0.818
1.805
3.049
2.669
2.129
0.923
1.987
2.103
1.932
1.660
2.373
2.475
2.306
2.698
2.025
2.601
3.585
1.867
1.656
2.633
1.895
2.340
1.353
2.218
1.758
1.551
1.349
1.866
1.258
1.406
2.129
1.321
1.882
1.505
1.998
1.657
1.083
2.045
2.061
2.336
1.485
1.339
1.279
1.392
1.635
0.977
0.943
0.752
0.748
0.777
0.831
1.516
0.981
1.210
1.531
0.960
1.306
1.082
1.140
1.413
1.676
0.813
1.616
0.964
1.224
0.901
1.038
1.238
1.686
1.373
0.821
0.925
1.321
1.008
1.043
1.369
1.352
0.986
2.186
0.579
0.519
1.689
0.644
1.032
0.640
0.875
1.409
2.173
1.543
1.739
1.730
1.670
1.601
1.237
1.698
5.501
4.858
4.064
2.806
5.366
3.646
3.859
6.655
0.643
1.062
1.329
0.950
0.904
1.312
0.451
3.236
0.713
0.814
2.687
1.166
1.383
1.112
1.558
1.985
1.509
0.668
2.219
4.373
7.765
6.569
5.499
1.881
4.716
5.009
4.636
4.091
5.859
6.151
5.247
6.352
5.072
6.679
9.529
4.329
3.670
6.307
4.030
5.170
2.700
4.834
4.044
3.261
2.645
4.318
2.514
2.882
4.564
2.558
4.053
3.134
4.383
3.384
2.103
4.324
4.316
5.476
2.951
2.844
2.807
3.041
3.851
1.894
1.855
1.469
1.515
1.547
1.847
3.540
2.070
2.535
3.453
1.916
2.736
2.213
2.598
3.522
4.051
1.806
4.036
2.288
3.224
2.091
2.358
2.992
4.414
3.303
1.818
2.172
3.197
2.259
2.421
3.010
3.363
2.361
4.805
1.212
1.101
4.153
1.419
2.333
1.370
1.852
3.349
4.903
3.446
4.018
4.196
3.787
3.523
2.675
3.902
3.213
2.446
1.853
3.524
2.371
2.311
4.116
0.433
0.708
0.866
0.610
0.557
0.841
0.294
2.102
0.483
0.533
1.758
0.758
0.896
0.779
1.082
1.287
0.997
0.480
1.544
3.023
5.439
4.865
3.626
1.317
3.564
3.545
3.371
2.883
4.184
4.356
4.106
4.499
3.372
4.547
6.376
3.285
2.651
4.566
3.155
3.934
2.135
3.672
2.812
2.597
1.974
3.097
2.045
2.161
3.453
1.881
2.987
2.320
3.127
2.420
1.501
3.142
3.096
3.901
2.183
2.099
2.035
2.409
2.568
1.347
1.342
1.050
1.053
1.122
1.360
2.454
1.447
1.776
2.455
1.359
1.955
1.717
1.652
2.253
2.847
1.257
2.799
1.592
2.330
1.481
1.736
2.079
3.017
2.372
1.311
1.493
2.322
1.591
1.720
2.114
2.291
1.631
3.582
0.874
0.810
2.939
1.024
1.692
1.020
1.354
2.303
3.615
2.497
2.840
2.944
2.689
2.602
2.044
2.978
2.573
1.671
3.147
2.281
2.390
3.788
0.418
0.688
0.860
0.608
0.544
0.830
0.277
2.052
0.469
0.540
1.676
0.701
0.873
0.737
1.072
1.280
0.910
0.439
1.290
2.377
4.760
4.147
3.284
1.149
2.956
3.039
2.915
2.500
3.547
3.728
3.277
4.003
2.962
4.082
5.477
2.738
2.390
3.811
2.941
3.505
1.906
3.222
2.527
2.218
1.828
2.936
1.679
1.907
3.071
1.634
2.582
2.011
2.824
2.342
1.375
2.815
2.814
3.341
1.889
1.929
1.882
2.032
2.265
1.198
1.196
1.044
0.950
0.968
1.164
2.198
1.271
1.544
2.150
1.198
1.717
1.383
1.443
2.100
2.208
1.003
2.298
1.393
1.952
1.335
1.479
1.814
2.588
1.977
1.151
1.352
1.982
1.431
1.530
1.899
1.998
1.479
3.051
0.720
0.712
2.497
0.906
1.485
0.900
1.165
2.001
3.202
2.244
2.566
2.497
2.359
2.320
1.760
2.529
1.502
2.818
1.917
2.221
3.184
0.360
0.582
0.707
0.524
0.461
0.704
0.246
1.707
0.392
0.460
1.381
0.622
0.728
0.652
0.895
1.178
0.837
0.374
1.116
1.981
3.788
3.217
2.613
0.964
2.491
2.612
2.366
2.089
2.926
3.051
2.764
3.344
2.526
3.319
4.358
2.265
1.980
3.264
2.348
2.882
1.598
2.661
2.063
1.917
1.541
2.399
1.441
1.649
2.618
1.518
2.303
1.801
2.484
2.050
1.297
2.447
2.531
2.987
1.680
1.732
1.642
1.695
1.959
1.091
1.033
0.846
0.857
0.906
1.127
1.921
1.127
1.406
1.921
1.064
1.492
1.234
1.215
1.632
1.798
0.853
1.801
1.080
1.436
1.010
1.159
1.495
2.145
1.667
0.992
1.120
1.628
1.246
1.274
1.550
1.722
1.241
2.578
0.677
0.597
2.088
0.761
1.234
0.767
1.041
1.705
2.779
1.853
2.073
2.110
1.943
1.948
1.475
2.133
1.971
1.383
1.408
2.333
0.269
0.432
0.530
0.372
0.327
0.446
0.210
1.259
0.303
0.340
1.031
0.460
0.534
0.488
0.654
0.752
0.600
0.290
0.796
1.505
2.734
2.355
1.919
0.707
1.788
2.680
1.623
1.434
2.044
2.196
1.954
2.368
1.745
2.395
3.060
1.629
1.447
2.255
1.646
2.141
1.168
1.834
1.515
1.380
1.136
1.739
1.116
1.231
1.878
1.144
1.668
1.325
1.792
1.444
0.913
1.752
1.776
2.117
1.240
1.230
1.203
1.211
1.457
0.848
0.768
0.650
0.611
0.678
0.817
1.391
0.853
1.059
1.457
0.830
1.171
0.940
0.909
1.273
1.406
0.706
1.394
0.828
1.155
0.782
0.895
1.095
1.518
1.190
0.702
0.802
1.179
0.891
0.922
1.130
1.227
0.873
1.839
0.509
0.458
1.503
0.563
0.914
0.531
0.758
1.237
1.913
1.325
1.499
1.494
1.362
1.339
1.053
1.493
2.588
2.599
4.174
0.475
0.765
0.962
0.676
0.613
0.966
0.334
2.321
0.533
0.596
1.848
0.819
0.961
0.869
1.287
1.415
1.081
0.477
1.495
2.744
4.974
4.504
3.664
1.283
3.370
3.446
2.954
2.723
3.883
4.218
3.682
4.337
3.259
4.339
5.893
3.028
2.636
4.232
3.076
3.893
2.137
3.541
2.780
2.525
2.072
3.229
1.987
2.242
3.374
2.041
3.115
2.475
3.247
2.646
1.680
3.302
3.238
3.872
2.300
2.263
2.215
2.324
2.661
1.520
1.493
1.178
1.098
1.222
1.495
2.602
1.442
1.954
2.422
1.508
2.122
1.677
1.790
2.326
2.389
1.204
2.442
1.562
1.960
1.315
1.592
1.803
2.581
1.998
1.215
1.500
2.012
1.472
1.582
1.856
2.028
1.472
3.320
0.914
0.811
2.819
1.040
1.687
1.032
1.337
2.256
3.572
2.499
2.734
2.755
2.682
2.609
2.013
2.841
1.801
2.927
0.334
0.549
0.666
0.465
0.421
0.640
0.233
1.595
0.373
0.424
1.318
0.573
0.682
0.605
0.835
0.960
0.738
0.339
1.041
1.842
3.470
3.101
2.486
0.906
2.343
2.452
2.184
1.857
2.719
2.727
2.504
2.837
2.236
2.966
4.057
2.020
1.828
2.863
2.087
2.401
1.337
2.205
1.944
1.718
1.424
2.185
1.365
1.511
2.349
1.409
2.136
1.590
2.236
1.792
1.153
2.171
2.243
2.702
1.603
1.561
1.474
1.556
1.870
1.053
1.045
0.820
0.813
0.841
1.025
1.824
1.116
1.305
1.807
1.033
1.454
1.186
1.236
1.532
1.824
0.881
1.772
1.088
1.498
1.016
1.149
1.409
2.006
1.525
0.910
1.011
1.504
1.126
1.165
1.352
1.555
1.126
2.130
0.593
0.565
1.905
0.709
1.076
0.714
0.952
1.552
2.394
1.714
1.903
1.832
1.817
1.746
1.383
1.942
2.900
0.339
0.545
0.679
0.487
0.435
0.667
0.229
1.605
0.382
0.406
1.323
0.579
0.694
0.617
0.862
0.977
0.760
0.346
1.065
1.947
3.684
3.191
2.557
0.916
2.316
2.436
2.338
1.896
2.938
2.893
2.590
3.072
2.296
2.926
4.123
2.142
1.851
2.959
2.180
2.655
1.483
2.472
1.951
1.739
1.406
2.089
1.303
1.494
2.256
1.375
2.201
1.687
2.353
1.847
1.156
2.299
2.259
2.742
1.602
1.569
1.517
1.496
1.944
1.075
0.973
0.816
0.811
0.859
1.034
1.783
1.108
1.335
1.848
1.064
1.526
1.213
1.260
1.605
1.889
0.889
1.860
1.096
1.532
1.035
1.176
1.397
2.022
1.522
0.848
1.033
1.553
1.129
1.193
1.465
1.614
1.150
2.383
0.616
0.528
2.025
0.712
1.170
0.713
0.958
1.576
2.541
1.783
1.921
1.918
1.809
1.835
1.399
1.935
0.535
0.892
1.103
0.771
0.707
1.051
0.362
2.613
0.598
0.672
2.155
0.937
1.120
0.980
1.326
1.624
1.214
0.551
1.729
3.336
5.878
5.262
4.316
1.451
3.870
4.035
3.661
3.144
4.621
4.893
4.286
5.109
3.852
5.110
7.012
3.580
2.864
4.809
3.485
4.128
2.392
3.679
2.994
2.642
2.403
3.268
2.074
2.354
3.631
2.214
3.171
2.599
3.450
2.698
1.683
3.504
3.419
4.253
2.421
2.543
2.495
2.646
3.255
1.648
1.671
1.296
1.315
1.318
1.664
2.963
1.822
2.126
3.107
1.956
2.465
1.978
2.046
2.724
3.101
1.458
3.090
1.819
2.566
1.681
1.910
2.352
3.282
2.646
1.725
1.539
2.539
1.957
1.899
2.410
2.643
1.901
3.759
1.005
0.868
3.029
1.074
1.793
1.141
1.645
2.536
3.847
2.720
2.997
3.013
2.749
2.711
2.092
2.998
0.111
0.132
0.097
0.086
0.126
0.049
0.306
0.080
0.089
0.252
0.113
0.128
0.124
0.158
0.183
0.144
0.073
0.181
0.340
0.558
0.500
0.409
0.173
0.384
0.420
0.371
0.351
0.458
0.475
0.444
0.498
0.384
0.475
0.604
0.358
0.335
0.503
0.363
0.446
0.283
0.465
0.363
0.328
0.280
0.398
0.275
0.292
0.435
0.298
0.392
0.310
0.404
0.342
0.234
0.413
0.400
0.485
0.307
0.304
0.293
0.273
0.322
0.212
0.206
0.163
0.166
0.169
0.182
0.323
0.218
0.251
0.342
0.212
0.266
0.227
0.235
0.262
0.309
0.172
0.303
0.206
0.253
0.182
0.217
0.237
0.320
0.261
0.177
0.195
0.259
0.203
0.208
0.251
0.275
0.203
0.389
0.132
0.120
0.332
0.148
0.211
0.146
0.191
0.292
0.425
0.315
0.352
0.360
0.350
0.316
0.259
0.338
0.212
0.157
0.143
0.215
0.081
0.513
0.130
0.143
0.395
0.183
0.206
0.199
0.264
0.302
0.240
0.118
0.300
0.573
0.956
0.830
0.702
0.283
0.650
0.677
0.599
0.517
0.744
0.868
0.750
0.847
0.657
0.873
1.182
0.619
0.592
0.893
0.660
0.749
0.533
0.788
0.653
0.609
0.507
0.682
0.447
0.484
0.713
0.546
0.687
0.574
0.714
0.607
0.408
0.762
0.745
0.859
0.614
0.515
0.484
0.468
0.575
0.353
0.355
0.281
0.290
0.298
0.342
0.547
0.323
0.433
0.555
0.340
0.440
0.378
0.389
0.507
0.576
0.298
0.527
0.360
0.429
0.317
0.362
0.404
0.539
0.428
0.284
0.338
0.432
0.372
0.345
0.436
0.471
0.352
0.687
0.220
0.197
0.550
0.246
0.396
0.264
0.323
0.493
0.727
0.529
0.583
0.582
0.571
0.520
0.459
0.616
0.203
0.176
0.255
0.105
0.605
0.157
0.176
0.501
0.228
0.276
0.240
0.341
0.397
0.312
0.152
0.397
0.797
1.515
1.267
1.067
0.463
0.916
0.943
0.997
0.821
1.214
1.045
1.152
1.154
0.876
1.262
1.560
0.796
0.737
1.159
0.765
0.955
0.618
0.900
0.748
0.672
0.561
0.836
0.553
0.605
0.875
0.561
0.802
0.642
0.838
0.697
0.511
0.849
0.899
1.054
0.666
0.652
0.665
0.620
0.696
0.425
0.439
0.340
0.356
0.339
0.404
0.742
0.438
0.512
0.699
0.513
0.595
0.491
0.500
0.589
0.647
0.362
0.666
0.399
0.536
0.382
0.446
0.513
0.668
0.560
0.366
0.405
0.551
0.412
0.505
0.577
0.565
0.413
0.847
0.268
0.252
0.690
0.288
0.492
0.319
0.390
0.638
0.868
0.653
0.709
0.781
0.763
0.640
0.529
0.704
0.127
0.189
0.073
0.432
0.114
0.129
0.368
0.165
0.181
0.174
0.234
0.280
0.221
0.107
0.265
0.494
0.829
0.729
0.677
0.276
0.645
0.651
0.560
0.484
0.705
0.738
0.717
0.784
0.615
0.743
0.962
0.550
0.519
0.737
0.581
0.714
0.445
0.633
0.534
0.481
0.430
0.635
0.391
0.421
0.606
0.403
0.577
0.458
0.602
0.502
0.340
0.586
0.635
0.728
0.484
0.471
0.426
0.426
0.508
0.309
0.307
0.243
0.246
0.250
0.288
0.464
0.313
0.358
0.502
0.309
0.419
0.328
0.337
0.393
0.454
0.262
0.436
0.292
0.363
0.273
0.312
0.362
0.470
0.381
0.261
0.285
0.385
0.299
0.309
0.365
0.441
0.295
0.568
0.187
0.174
0.499
0.218
0.349
0.220
0.281
0.431
0.635
0.469
0.515
0.563
0.553
0.505
0.368
0.485
0.166
0.068
0.383
0.107
0.119
0.332
0.148
0.170
0.168
0.209
0.256
0.209
0.099
0.253
0.474
0.787
0.718
0.599
0.238
0.542
0.598
0.512
0.441
0.597
0.630
0.584
0.665
0.511
0.678
0.806
0.465
0.441
0.744
0.548
0.666
0.395
0.628
0.486
0.437
0.397
0.527
0.372
0.379
0.623
0.393
0.552
0.440
0.589
0.486
0.320
0.613
0.649
0.609
0.430
0.441
0.407
0.396
0.473
0.294
0.287
0.232
0.227
0.237
0.264
0.460
0.300
0.343
0.481
0.286
0.376
0.298
0.320
0.360
0.405
0.226
0.396
0.265
0.326
0.244
0.279
0.317
0.418
0.341
0.232
0.258
0.360
0.269
0.281
0.330
0.360
0.283
0.513
0.173
0.159
0.434
0.200
0.307
0.203
0.254
0.386
0.594
0.424
0.497
0.464
0.477
0.442
0.381
0.536
0.112
0.702
0.152
0.193
0.592
0.214
0.264
0.250
0.334
0.383
0.294
0.137
0.365
0.680
1.207
1.034
0.845
0.338
0.850
0.923
0.835
0.711
1.030
0.973
1.052
1.205
0.901
1.093
1.393
0.890
0.662
1.027
0.732
0.992
0.622
0.995
0.792
0.674
0.566
0.824
0.551
0.608
0.841
0.573
0.797
0.676
0.872
0.685
0.458
0.823
0.846
0.972
0.654
0.642
0.572
0.604
0.756
0.404
0.401
0.615
0.332
0.339
0.383
0.631
0.403
0.504
0.714
0.407
0.582
0.473
0.470
0.556
0.646
0.358
0.667
0.428
0.504
0.392
0.438
0.523
0.704
0.559
0.352
0.394
0.560
0.422
0.439
0.501
0.546
0.406
0.783
0.263
0.226
0.672
0.291
0.456
0.287
0.371
0.578
0.950
0.643
0.711
0.709
0.688
0.665
0.558
0.739
0.212
0.058
0.072
0.210
0.083
0.098
0.095
0.123
0.133
0.108
0.057
0.132
0.255
0.442
0.354
0.293
0.126
0.264
0.294
0.262
0.219
0.342
0.325
0.334
0.343
0.304
0.340
0.399
0.246
0.240
0.351
0.245
0.304
0.207
0.301
0.263
0.252
0.215
0.286
0.202
0.212
0.301
0.208
0.281
0.221
0.293
0.251
0.176
0.279
0.279
0.333
0.232
0.226
0.215
0.204
0.241
0.163
0.162
0.127
0.122
0.133
0.149
0.234
0.156
0.185
0.257
0.157
0.200
0.172
0.182
0.200
0.212
0.128
0.214
0.146
0.170
0.133
0.152
0.166
0.213
0.180
0.130
0.139
0.181
0.146
0.148
0.173
0.186
0.138
0.264
0.099
0.088
0.224
0.114
0.174
0.122
0.174
0.201
0.274
0.226
0.238
0.242
0.245
0.211
0.185
0.239
0.346
0.391
1.181
0.492
0.590
0.549
0.744
0.877
0.667
0.308
0.974
1.706
2.837
2.506
2.080
0.801
1.928
2.033
1.835
1.507
2.253
2.331
2.179
2.485
1.920
2.416
3.165
1.650
1.543
2.335
1.778
2.119
1.351
2.052
1.641
1.572
1.307
1.914
1.254
1.338
2.013
1.283
1.873
1.674
1.994
1.650
1.101
2.027
1.966
2.278
1.441
1.416
1.376
1.311
1.533
0.955
0.924
0.715
0.737
0.778
0.937
1.553
0.999
1.184
1.599
0.927
1.228
1.133
1.118
1.325
1.484
0.781
1.504
0.927
1.133
0.842
0.966
1.133
1.630
1.275
0.824
0.920
1.313
0.920
1.014
1.235
1.280
0.999
1.851
0.582
0.516
1.532
0.590
1.043
0.612
0.800
1.351
1.926
1.553
1.626
1.680
1.624
1.514
1.199
1.671
0.101
0.292
0.126
0.145
0.142
0.183
0.208
0.166
0.085
0.200
0.384
0.609
0.561
0.467
0.207
0.427
0.461
0.420
0.328
0.475
0.530
0.486
0.559
0.435
0.507
0.645
0.372
0.381
0.571
0.427
0.508
0.328
0.484
0.409
0.380
0.313
0.421
0.314
0.313
0.495
0.327
0.430
0.330
0.463
0.397
0.272
0.471
0.462
0.524
0.353
0.355
0.326
0.338
0.369
0.246
0.244
0.189
0.196
0.196
0.228
0.362
0.226
0.282
0.388
0.241
0.303
0.259
0.251
0.313
0.333
0.188
0.340
0.228
0.270
0.188
0.232
0.272
0.354
0.297
0.201
0.217
0.294
0.235
0.237
0.284
0.304
0.227
0.439
0.150
0.140
0.372
0.170
0.265
0.174
0.219
0.307
0.497
0.375
0.399
0.428
0.393
0.356
0.295
0.385
0.322
0.137
0.159
0.160
0.200
0.235
0.170
0.085
0.228
0.406
0.694
0.627
0.529
0.200
0.478
0.530
0.471
0.399
0.582
0.585
0.551
0.634
0.488
0.591
0.685
0.453
0.424
0.628
0.463
0.561
0.369
0.556
0.470
0.424
0.361
0.504
0.358
0.379
0.547
0.361
0.496
0.388
0.506
0.408
0.289
0.524
0.516
0.577
0.404
0.400
0.381
0.351
0.402
0.272
0.270
0.219
0.220
0.224
0.257
0.409
0.281
0.319
0.440
0.270
0.345
0.295
0.303
0.333
0.392
0.224
0.366
0.259
0.315
0.244
0.249
0.308
0.401
0.325
0.221
0.245
0.318
0.274
0.270
0.317
0.344
0.253
0.494
0.174
0.159
0.415
0.192
0.292
0.187
0.241
0.358
0.556
0.408
0.449
0.448
0.441
0.404
0.329
0.430
0.402
0.504
0.463
0.618
0.706
0.564
0.259
0.703
1.289
2.251
2.011
1.660
0.649
1.517
1.653
1.445
1.237
1.763
1.916
1.740
2.031
1.513
1.843
2.407
1.376
1.264
2.044
1.413
1.730
1.112
1.653
1.383
1.304
1.087
1.550
1.070
1.181
1.682
1.147
1.509
1.229
1.609
1.320
0.903
1.578
1.530
1.831
1.233
1.183
1.207
1.047
1.269
0.790
0.758
0.574
0.646
0.642
0.753
1.240
0.774
0.937
1.303
0.761
1.038
0.897
0.904
1.078
1.197
0.671
1.152
0.791
0.966
0.670
0.805
0.929
1.293
1.036
0.677
0.731
0.978
0.808
0.819
0.982
0.981
0.758
1.502
0.495
0.424
1.183
0.501
0.852
0.523
0.724
1.121
1.678
1.230
1.321
1.372
1.322
1.221
0.982
1.342
0.216
0.204
0.300
0.310
0.245
0.132
0.318
0.591
0.919
0.894
0.737
0.290
0.735
0.717
0.645
0.561
0.801
0.843
0.764
0.814
0.624
0.865
1.076
0.614
0.554
0.880
0.657
0.774
0.470
0.734
0.609
0.533
0.437
0.685
0.445
0.493
0.726
0.455
0.656
0.526
0.642
0.547
0.380
0.707
0.662
0.818
0.521
0.507
0.476
0.486
0.581
0.338
0.343
0.257
0.273
0.278
0.331
0.547
0.360
0.418
0.575
0.336
0.452
0.378
0.388
0.482
0.557
0.285
0.518
0.335
0.432
0.318
0.364
0.412
0.547
0.443
0.291
0.328
0.460
0.348
0.348
0.431
0.477
0.338
0.689
0.214
0.194
0.556
0.234
0.373
0.234
0.317
0.496
0.714
0.539
0.590
0.594
0.576
0.531
0.438
0.578
0.221
0.289
0.371
0.294
0.135
0.388
0.710
1.260
1.129
0.921
0.309
0.825
0.856
0.800
0.698
1.009
1.066
0.958
1.122
0.844
1.103
1.443
0.737
0.700
1.072
0.733
1.046
0.574
0.897
0.712
0.680
0.559
0.829
0.547
0.593
0.886
0.547
0.783
0.641
0.867
0.695
0.448
0.810
0.775
1.003
0.628
0.606
0.581
0.598
0.707
0.393
0.403
0.324
0.322
0.313
0.358
0.670
0.433
0.518
0.644
0.395
0.561
0.467
0.478
0.607
0.683
0.347
0.643
0.407
0.532
0.376
0.408
0.519
0.691
0.547
0.354
0.395
0.549
0.428
0.451
0.515
0.589
0.413
0.807
0.236
0.222
0.690
0.288
0.456
0.262
0.359
0.571
0.917
0.656
0.734
0.736
0.700
0.636
0.539
0.720
0.282
0.325
0.282
0.129
0.321
0.587
0.998
0.903
0.742
0.310
0.678
0.747
0.740
0.545
0.828
0.810
0.787
0.887
0.689
0.845
1.131
0.627
0.602
0.910
0.661
0.798
0.531
0.780
0.675
0.606
0.516
0.727
0.507
0.541
0.782
0.495
0.755
0.565
0.750
0.643
0.437
0.755
0.733
0.809
0.557
0.557
0.521
0.480
0.630
0.386
0.381
0.298
0.304
0.310
0.351
0.549
0.387
0.449
0.631
0.352
0.459
0.417
0.407
0.480
0.555
0.303
0.598
0.365
0.433
0.330
0.386
0.425
0.569
0.467
0.320
0.355
0.481
0.370
0.372
0.419
0.495
0.349
0.686
0.242
0.218
0.538
0.237
0.403
0.266
0.349
0.501
0.780
0.580
0.642
0.621
0.619
0.571
0.449
0.605
0.446
0.352
0.173
0.458
0.833
1.462
1.290
0.969
0.384
0.973
1.045
0.950
0.764
1.152
1.183
1.079
1.262
0.937
1.249
1.610
0.902
0.841
1.295
0.921
1.142
0.709
1.091
0.892
0.816
0.693
1.032
0.679
0.730
1.064
0.674
0.971
0.784
0.993
0.849
0.558
1.019
1.013
1.179
0.735
0.712
0.684
0.647
0.820
0.513
0.507
0.394
0.404
0.419
0.486
0.807
0.525
0.634
0.826
0.502
0.661
0.542
0.575
0.690
0.804
0.422
0.711
0.506
0.631
0.437
0.531
0.606
0.821
0.663
0.420
0.486
0.624
0.518
0.520
0.607
0.689
0.503
0.953
0.316
0.286
0.830
0.350
0.560
0.362
0.461
0.719
1.084
0.775
0.827
0.841
0.850
0.747
0.639
0.859
0.393
0.199
0.539
1.032
1.840
1.477
1.172
0.447
1.162
1.246
1.123
0.909
1.401
1.438
1.276
1.493
1.149
1.480
1.951
1.053
0.952
1.525
1.096
1.354
0.774
1.276
1.072
0.958
0.800
1.166
0.788
0.835
1.271
0.801
1.179
0.917
1.210
0.943
0.615
1.203
1.171
1.398
0.888
0.896
0.770
0.835
0.973
0.587
0.563
0.457
0.470
0.447
0.572
1.065
0.593
0.721
0.993
0.562
0.789
0.628
0.691
0.830
0.942
0.490
0.914
0.580
0.728
0.540
0.573
0.698
0.980
0.724
0.498
0.551
0.799
0.607
0.626
0.754
0.734
0.579
1.190
0.364
0.332
0.980
0.398
0.629
0.408
0.533
0.841
1.306
0.925
1.026
1.026
1.012
0.927
0.728
1.025
0.157
0.410
0.775
1.239
1.158
0.959
0.383
0.822
0.946
0.847
0.722
0.978
1.102
0.978
1.152
0.892
1.072
1.444
0.799
0.759
1.159
0.828
1.027
0.630
0.979
0.828
0.741
0.628
0.906
0.623
0.657
0.968
0.626
0.894
0.714
0.949
0.788
0.525
0.869
0.878
1.042
0.633
0.661
0.645
0.631
0.745
0.477
0.473
0.363
0.359
0.383
0.443
0.736
0.475
0.566
0.719
0.451
0.618
0.507
0.527
0.619
0.734
0.367
0.679
0.450
0.547
0.400
0.484
0.529
0.734
0.594
0.396
0.411
0.606
0.450
0.478
0.555
0.583
0.454
0.896
0.289
0.260
0.777
0.320
0.510
0.323
0.423
0.652
1.070
0.720
0.789
0.797
0.774
0.723
0.575
0.788
0.187
0.354
0.559
0.507
0.431
0.179
0.403
0.436
0.381
0.325
0.477
0.486
0.455
0.509
0.393
0.479
0.605
0.370
0.357
0.514
0.353
0.458
0.300
0.452
0.391
0.351
0.298
0.426
0.289
0.307
0.495
0.297
0.408
0.331
0.428
0.364
0.245
0.432
0.416
0.454
0.337
0.325
0.308
0.291
0.335
0.205
0.221
0.166
0.180
0.184
0.210
0.333
0.223
0.259
0.353
0.215
0.279
0.238
0.249
0.278
0.300
0.182
0.309
0.226
0.254
0.191
0.225
0.252
0.322
0.260
0.182
0.203
0.272
0.215
0.219
0.256
0.289
0.211
0.440
0.143
0.129
0.340
0.153
0.243
0.162
0.222
0.302
0.449
0.335
0.364
0.357
0.337
0.300
0.273
0.355
1.150
2.122
1.818
1.491
0.523
1.330
1.414
1.324
1.096
1.539
1.737
1.525
1.824
1.347
1.797
2.470
1.201
1.068
1.747
1.249
1.466
0.894
1.464
1.135
1.002
0.818
1.302
0.816
0.916
1.400
0.845
1.229
1.004
1.307
1.074
0.689
1.340
1.380
1.595
0.898
0.933
0.896
0.923
1.111
0.616
0.611
0.484
0.481
0.493
0.611
1.091
0.636
0.800
1.082
0.624
0.837
0.688
0.752
0.976
1.102
0.493
0.994
0.669
0.887
0.597
0.661
0.745
1.149
0.920
0.540
0.608
0.828
0.636
0.623
0.857
0.881
0.657
1.359
0.347
0.338
1.097
0.406
0.688
0.416
0.542
0.926
1.377
0.982
1.115
1.139
1.093
1.067
0.768
1.140
3.855
3.429
2.693
0.985
2.457
2.618
2.366
2.021
2.895
3.153
2.617
3.387
2.511
3.192
4.560
2.121
1.870
3.055
2.305
2.747
1.563
2.627
2.133
1.815
1.544
2.240
1.374
1.625
2.424
1.499
2.165
1.674
2.360
1.848
1.214
2.360
2.251
2.691
1.604
1.554
1.488
1.540
1.876
1.052
1.025
0.802
0.809
0.831
1.003
1.839
1.102
1.397
1.903
1.028
1.409
1.217
1.224
1.670
1.864
0.868
1.777
1.143
1.436
1.084
1.250
1.514
2.014
1.633
1.007
1.124
1.668
1.201
1.246
1.567
1.678
1.209
2.458
0.678
0.706
2.077
0.759
1.264
0.788
1.045
1.679
2.613
1.807
2.137
2.060
2.021
1.866
1.496
2.043
6.383
4.945
1.813
4.300
4.666
4.000
3.475
5.262
5.834
4.828
5.980
4.403
6.324
8.230
4.063
3.131
5.335
3.928
5.118
2.697
4.613
3.512
3.198
2.598
4.065
2.425
2.815
4.367
2.513
3.932
3.031
4.579
3.706
2.254
4.609
4.600
5.600
3.089
3.096
3.011
3.380
3.903
1.956
1.875
1.522
1.492
1.582
2.006
3.598
2.191
2.753
3.609
1.896
2.866
2.157
2.339
3.221
3.997
1.560
3.569
1.987
2.995
1.873
2.102
2.651
3.755
3.012
1.608
1.905
2.878
2.066
2.203
2.689
3.058
2.085
4.428
1.071
0.960
3.475
1.230
2.042
1.220
1.662
2.863
4.667
3.175
3.561
3.534
3.190
3.302
2.563
3.749
4.500
1.512
4.200
4.336
3.930
3.329
4.661
5.066
4.624
5.535
4.012
5.510
7.294
3.613
2.968
4.921
3.439
4.378
2.434
4.104
3.152
2.823
2.319
3.604
2.230
2.523
3.864
2.263
3.746
2.761
3.771
2.929
1.827
3.797
3.678
4.518
2.757
2.530
2.407
2.595
3.149
1.656
1.661
1.285
1.296
1.315
1.691
3.014
1.749
2.175
3.011
1.618
2.363
1.875
2.014
2.807
3.034
1.382
3.067
1.730
2.488
1.863
2.033
2.492
3.571
2.743
1.501
1.747
2.781
1.985
2.032
2.527
2.871
1.965
4.205
1.072
0.933
3.436
1.233
2.050
1.108
1.589
2.832
4.195
3.116
3.305
3.167
3.119
2.876
2.405
3.363
1.173
2.818
3.225
2.693
2.510
3.463
3.674
3.179
3.843
3.069
3.866
5.653
2.750
2.315
3.848
2.836
3.572
1.872
3.193
2.471
2.249
1.809
2.823
1.770
2.231
3.101
1.801
2.768
2.131
2.951
2.316
1.568
3.177
3.105
3.884
2.197
2.181
2.052
2.285
2.721
1.481
1.400
1.133
1.152
1.100
1.370
2.537
1.550
1.850
2.501
1.451
2.045
1.658
1.670
2.153
2.635
1.154
2.346
1.439
1.899
1.384
1.557
1.807
2.543
2.160
1.141
1.427
2.132
1.487
1.506
1.849
1.985
1.446
2.989
0.777
0.704
2.497
0.886
1.591
0.893
1.197
2.163
3.210
2.175
2.497
2.443
2.369
2.263
1.807
2.497
0.980
1.061
0.983
0.870
1.266
1.281
1.191
1.390
1.060
1.461
1.820
0.970
0.907
1.324
1.001
1.219
0.749
1.151
0.969
0.866
0.844
1.074
0.715
0.780
1.163
0.704
1.042
0.818
1.115
1.084
0.595
1.132
1.104
1.291
0.788
0.797
0.782
0.718
0.886
0.518
0.518
0.419
0.420
0.441
0.495
0.800
0.560
0.664
0.917
0.525
0.712
0.602
0.621
0.761
0.826
0.434
0.842
0.533
0.651
0.488
0.539
0.592
0.853
0.712
0.443
0.517
0.721
0.547
0.581
0.679
0.744
0.522
1.058
0.331
0.303
0.889
0.369
0.598
0.374
0.497
0.774
1.266
0.861
0.932
0.931
0.947
0.845
0.679
0.916
3.008
2.979
2.459
3.330
3.843
3.341
3.656
3.046
3.737
5.151
2.517
2.337
3.611
2.734
3.223
1.826
3.177
2.289
2.084
1.679
2.569
1.596
1.833
2.787
1.736
2.540
1.980
2.691
2.113
1.344
2.690
2.657
3.226
1.867
1.821
1.939
2.073
2.522
1.338
1.329
1.038
1.041
1.081
1.321
2.387
1.411
1.650
2.418
1.305
1.793
1.396
1.588
2.184
2.338
1.049
2.319
1.413
1.807
1.303
1.513
1.718
2.587
1.903
1.160
1.352
1.962
1.372
1.373
1.725
2.016
1.475
2.807
0.720
0.653
2.343
0.820
1.375
0.812
1.147
1.829
2.929
1.999
2.235
2.249
2.187
2.066
1.620
2.348
2.674
2.277
3.309
3.583
3.134
3.768
2.830
3.653
5.430
2.759
2.458
4.039
2.854
3.576
1.888
3.238
2.617
2.341
1.884
2.933
1.872
2.055
3.052
1.878
2.930
2.279
3.094
2.459
1.587
2.905
2.919
3.403
1.974
2.027
1.928
2.094
2.405
1.299
1.282
1.022
1.044
1.044
1.262
2.286
1.380
1.657
2.304
1.294
1.837
1.469
1.543
2.003
2.232
1.075
2.184
1.337
1.819
1.292
1.405
1.717
2.417
1.871
1.102
1.278
1.876
1.378
1.445
1.757
1.898
1.527
3.080
0.849
0.771
2.602
0.958
1.574
0.932
1.301
2.087
3.403
2.232
2.528
2.543
2.442
2.279
1.788
2.496
2.219
3.153
3.507
2.976
3.770
2.820
3.515
4.852
2.563
2.210
3.358
2.476
2.993
1.783
2.718
2.128
1.935
1.588
2.434
1.524
1.720
2.640
1.529
2.383
1.870
2.534
2.014
1.266
2.511
2.506
3.000
1.761
1.712
1.693
1.791
2.109
1.142
1.127
0.892
0.893
0.937
1.124
2.009
1.294
1.649
2.161
1.208
1.732
1.440
1.474
2.037
2.257
1.074
2.231
1.282
1.821
1.240
1.406
1.670
2.427
1.907
1.124
1.233
1.855
1.388
1.385
1.628
1.877
1.313
2.819
0.700
0.657
2.304
0.843
1.390
0.849
1.140
1.833
2.869
1.927
2.116
2.184
2.017
2.018
1.541
2.296
2.751
2.898
2.511
2.961
2.227
3.089
4.095
2.049
1.751
2.942
2.133
2.590
1.440
2.334
1.868
1.697
1.365
2.138
1.434
1.619
2.492
1.469
2.247
1.731
2.438
1.914
1.185
2.407
2.436
2.904
1.580
1.607
1.666
1.664
1.990
1.189
1.072
0.852
0.855
0.887
1.019
1.902
1.055
1.404
1.936
1.087
1.403
1.170
1.245
1.726
1.985
0.828
1.890
1.066
1.503
1.045
1.111
1.348
1.967
1.651
0.854
1.094
1.531
1.115
1.252
1.397
1.539
1.202
2.245
0.587
0.521
1.866
0.661
1.099
0.663
0.903
1.534
2.358
1.664
2.009
2.041
1.998
1.869
1.440
2.093
4.414
4.131
4.962
3.554
4.533
6.494
3.335
2.829
4.599
3.826
4.083
2.235
3.480
2.723
2.560
2.112
3.269
2.088
2.200
3.367
2.048
3.038
2.373
3.217
2.562
1.762
3.269
3.239
3.929
2.305
2.222
2.108
2.273
2.728
1.477
1.470
1.132
1.137
1.168
1.444
2.616
1.702
1.899
2.623
1.447
2.395
1.656
1.768
2.434
2.661
1.233
2.692
1.582
2.132
1.431
1.727
2.197
3.106
2.384
1.415
1.600
2.330
1.743
1.851
2.238
2.372
1.763
3.620
0.943
0.851
2.962
1.097
1.771
1.038
1.419
2.431
3.747
2.585
2.912
2.930
2.776
2.509
1.931
2.902
4.050
4.898
3.687
4.824
6.507
3.515
2.744
4.672
3.391
4.206
2.348
3.823
2.940
2.600
2.143
3.376
2.083
2.345
3.614
2.105
3.262
2.557
3.462
2.743
1.746
3.484
3.375
4.232
2.400
2.341
2.254
2.462
3.089
1.696
1.642
1.309
1.269
1.379
1.652
2.969
1.770
2.283
3.031
1.913
2.457
1.967
2.056
2.884
2.928
1.434
3.033
1.837
2.599
1.704
1.966
2.347
3.268
2.608
1.445
1.628
2.480
1.753
1.808
2.303
2.415
1.709
3.607
0.891
0.833
3.002
1.020
1.714
1.033
1.380
2.383
3.900
2.810
2.895
2.921
2.628
2.695
2.134
3.025
3.922
3.055
3.786
5.398
2.704
2.361
3.891
2.753
3.383
1.968
3.499
2.693
2.468
2.066
3.063
1.959
2.180
3.297
1.966
3.084
2.376
3.135
2.427
1.600
3.225
3.013
3.821
2.291
2.119
2.117
2.137
2.595
1.462
1.346
1.084
1.076
1.156
1.322
2.350
1.549
1.842
2.382
1.328
1.893
1.622
1.598
2.207
2.361
1.151
2.288
1.381
1.929
1.306
1.496
1.807
2.548
1.981
1.154
1.321
1.964
1.449
1.475
1.847
2.053
1.446
2.965
0.801
0.726
2.562
0.908
1.566
1.128
1.419
2.391
3.780
3.118
3.748
2.890
2.706
3.302
2.401
3.098
5.363
10.273
12.227
4.097
4.344
2.775
3.312
5.133
2.845
2.180
2.008
3.314
2.312
3.725
2.241
2.497
3.751
2.215
3.583
2.809
4.313
3.993
1.929
4.260
4.146
5.321
2.785
2.370
2.681
2.975
4.246
1.588
1.558
1.231
1.390
1.524
1.625
2.935
2.123
2.249
2.841
1.550
2.388
1.880
1.906
2.776
2.965
1.380
2.916
1.760
3.239
1.765
1.984
2.817
5.294
2.155
2.284
1.971
3.860
2.018
2.490
2.615
3.146
2.408
3.643
1.030
0.983
3.735
1.297
2.171
1.329
1.601
2.589
1.798
3.108
3.934
4.041
3.466
4.090
2.685
3.864
2.272
5.471
2.772
2.343
2.109
3.414
3.405
2.022
3.226
2.471
2.180
1.745
3.085
1.876
1.985
2.938
1.735
3.788
2.079
3.249
2.464
1.555
2.844
3.544
4.454
2.105
1.987
1.835
2.035
2.711
1.372
1.348
1.283
1.251
1.331
1.359
2.472
1.480
1.914
3.209
1.596
2.021
1.659
1.923
3.427
3.104
1.409
3.024
1.711
2.130
1.318
1.536
2.078
2.778
3.003
1.173
1.373
2.337
1.620
1.657
1.918
2.127
1.670
1.787
0.773
0.766
1.980
0.919
1.521
0.937
1.138
1.876
1.773
2.446
3.108
3.321
2.555
2.944
1.813
2.849
10.917
4.738
3.987
6.941
5.180
5.355
2.310
4.277
3.074
2.845
2.306
6.634
2.847
3.633
4.582
2.516
4.073
3.107
5.858
3.300
2.008
4.182
4.562
3.979
2.806
2.830
2.594
2.965
3.775
1.814
2.400
1.972
1.631
1.648
1.878
3.571
2.029
3.092
4.262
1.778
1.386
2.335
3.338
2.454
3.335
1.506
2.531
2.313
2.354
1.737
2.124
2.737
4.190
2.843
1.505
1.852
2.669
2.092
2.258
2.818
3.268
1.869
5.744
1.022
0.890
3.859
1.241
2.053
1.166
1.466
2.837
5.487
3.081
3.224
4.940
3.253
3.202
2.628
4.960
4.356
3.285
11.418
6.515
7.715
3.469
9.816
6.164
3.968
3.196
5.607
2.313
4.597
6.992
3.197
5.102
4.364
6.530
4.806
2.882
5.570
6.126
6.813
3.682
3.574
3.584
4.052
4.883
2.430
2.514
1.893
1.748
2.113
2.314
4.746
2.546
3.219
3.967
2.340
3.474
2.516
2.957
4.586
5.106
2.027
4.516
2.685
4.307
2.694
2.859
3.567
5.898
4.530
2.696
2.509
4.957
2.999
2.924
4.031
4.560
3.254
8.140
1.714
1.257
7.254
1.801
2.734
1.660
2.353
4.051
6.321
4.330
4.023
4.682
4.852
8.123
3.881
6.498
2.103
3.435
2.509
3.521
1.823
2.202
2.334
2.205
1.539
2.419
1.608
1.811
2.776
1.590
2.475
1.939
2.777
2.096
1.299
2.747
2.582
3.127
1.870
1.705
1.809
1.890
2.170
1.145
1.127
0.884
0.887
0.926
1.183
2.035
1.251
1.505
2.061
1.290
1.580
1.519
1.299
2.037
2.625
1.189
2.353
1.392
1.846
1.388
1.751
1.981
4.701
4.281
1.081
1.250
1.906
1.412
1.508
2.058
1.974
1.510
3.408
0.799
0.665
2.355
0.843
1.440
0.909
1.216
1.539
1.697
2.647
2.238
2.437
2.482
2.264
1.720
2.363
3.371
2.083
2.837
1.440
2.488
2.013
1.792
1.464
3.336
1.410
1.734
2.854
1.461
2.557
2.049
2.305
1.796
1.242
2.470
2.306
2.583
1.678
1.622
1.796
1.594
1.944
1.129
1.240
0.914
0.874
0.893
1.067
2.076
1.157
1.438
2.004
1.044
1.492
1.277
1.178
1.195
2.065
1.013
1.804
1.169
1.494
1.101
1.176
1.257
1.819
1.601
0.999
1.090
1.719
1.258
1.181
1.532
1.546
1.118
2.676
0.747
0.609
1.872
0.839
1.317
0.757
1.041
1.722
3.248
1.973
2.035
2.094
1.926
1.777
1.393
2.279
1.953
2.603
2.721
2.217
3.360
3.055
2.932
4.325
2.265
2.715
4.646
2.970
3.342
3.071
3.409
3.510
2.477
3.811
3.878
4.637
2.599
2.862
2.821
1.455
3.348
1.792
2.240
1.601
0.579
1.378
1.768
3.419
2.208
1.010
3.701
2.665
3.320
2.716
1.197
3.190
2.820
1.328
2.873
1.948
2.502
1.734
1.861
2.285
2.132
2.337
1.460
1.700
2.457
1.809
1.860
2.187
1.516
1.751
5.164
0.953
0.937
3.686
1.072
1.901
1.081
1.488
2.630
5.510
2.937
3.398
3.274
3.256
3.339
2.474
3.359
3.592
1.808
3.226
2.650
2.112
1.743
2.720
1.794
1.931
3.190
1.822
2.817
2.540
3.233
2.608
1.446
3.262
3.469
5.499
1.971
2.023
2.335
2.720
2.806
1.324
1.314
1.360
1.131
0.430
1.211
1.365
1.439
2.134
2.204
1.270
1.822
1.399
1.030
2.397
2.336
1.115
2.171
0.725
1.626
1.354
1.494
1.695
2.180
2.417
1.202
1.570
1.692
1.261
1.522
1.790
3.091
1.829
3.574
0.785
0.667
3.094
0.859
1.611
0.835
1.334
1.451
3.092
1.555
3.634
2.854
2.597
4.344
1.757
2.454
2.353
3.974
3.200
2.706
2.141
2.215
2.081
2.703
3.819
2.145
1.970
2.442
3.411
2.972
1.735
3.884
3.209
4.259
2.314
2.369
2.731
2.272
3.412
1.531
1.812
1.330
1.346
1.204
1.795
1.974
1.840
1.944
3.267
1.802
2.284
1.701
1.954
2.370
2.614
1.220
4.511
1.769
2.381
1.665
2.453
2.106
3.175
2.760
1.600
1.797
2.441
2.362
2.050
2.543
2.740
1.296
3.325
0.909
0.955
3.547
1.159
0.682
1.163
0.842
2.459
3.948
2.702
2.951
2.687
2.799
3.906
2.125
1.764
2.027
1.683
1.555
1.251
1.770
1.241
1.293
2.894
1.257
1.967
1.511
1.679
1.773
1.358
2.081
1.892
2.211
1.451
1.525
1.365
1.362
1.799
1.013
0.847
0.662
0.673
0.715
0.815
1.644
1.049
1.131
1.623
0.991
1.277
1.117
1.241
1.393
1.643
0.834
1.449
0.946
1.166
0.856
1.033
1.218
1.639
1.207
0.771
0.938
2.018
0.986
0.980
1.317
1.572
0.897
1.979
0.610
0.528
1.970
0.641
1.030
0.668
0.937
1.467
2.155
1.478
1.680
2.080
1.543
1.491
1.201
1.769
2.968
2.699
1.930
3.013
2.309
2.497
3.665
1.925
4.911
2.366
3.500
2.813
1.630
2.833
1.615
3.719
2.586
2.415
1.263
2.117
2.323
1.823
1.556
1.122
1.168
1.300
1.455
2.871
2.237
1.868
2.911
1.447
2.531
1.659
1.829
2.344
2.659
1.249
2.325
0.652
2.301
1.340
1.818
1.202
2.730
2.068
1.227
1.410
2.015
1.448
1.927
2.269
2.126
1.738
3.418
0.949
0.812
2.814
1.040
1.849
1.151
1.353
2.294
3.634
2.514
2.604
2.531
2.681
2.436
1.999
2.991
2.030
1.562
2.393
1.511
1.677
2.593
1.647
2.551
2.163
2.509
2.339
1.517
2.757
2.555
3.125
1.915
1.644
1.704
1.927
2.567
1.313
1.405
1.009
1.038
0.987
1.110
2.102
1.332
1.624
2.006
1.269
1.898
1.385
1.404
1.029
1.966
1.288
1.837
1.164
1.502
1.221
1.436
1.437
1.996
1.523
1.024
1.216
1.720
1.252
1.266
1.486
1.683
1.193
2.398
0.751
0.707
1.987
0.820
1.300
0.872
1.087
1.698
2.563
2.104
2.329
2.324
2.064
1.980
1.544
2.171
1.601
2.242
1.479
1.708
2.596
1.504
2.382
1.731
2.407
1.829
1.425
2.270
2.433
2.511
1.722
1.612
1.610
1.757
1.846
1.253
1.079
0.914
0.984
1.074
1.127
1.967
1.179
1.394
1.838
1.041
1.769
1.263
1.408
1.584
1.794
0.942
1.733
1.107
1.441
1.121
1.198
1.331
2.028
1.679
0.900
1.026
1.440
1.240
1.165
1.380
1.493
1.209
2.625
0.735
0.612
0.500
0.788
1.229
0.842
1.004
1.546
2.473
1.845
2.066
2.097
2.010
1.908
1.474
2.070
1.819
1.183
1.314
1.927
1.165
1.755
1.465
2.077
1.546
1.093
1.769
1.837
2.086
1.491
1.283
1.352
1.181
1.523
0.886
0.885
0.708
0.769
0.749
0.957
2.392
1.039
1.070
2.046
0.903
1.215
1.026
1.057
1.222
1.438
0.705
1.289
0.997
1.197
0.782
0.943
1.103
1.518
1.219
0.781
0.924
1.296
0.987
1.062
1.249
1.166
0.949
1.759
0.570
0.525
1.474
0.657
1.047
0.666
0.876
1.367
2.009
1.474
1.899
1.675
1.656
1.451
1.145
1.553
1.880
2.313
2.525
1.860
2.639
2.122
2.807
2.271
1.542
2.939
2.889
3.473
2.824
2.191
2.267
2.147
2.595
1.371
1.516
1.202
1.076
1.084
1.541
2.433
2.054
1.633
2.498
1.283
2.680
1.728
1.598
0.945
2.244
1.116
2.062
1.225
1.603
1.297
1.638
1.709
0.985
1.720
1.087
1.302
2.005
1.565
1.737
1.977
2.288
1.528
3.772
0.907
0.750
2.367
0.911
1.497
0.938
1.353
2.548
3.189
2.224
2.595
3.435
2.674
2.369
1.867
2.422
1.296
1.825
1.157
1.644
1.481
1.779
1.440
0.969
1.766
1.747
1.969
1.275
1.347
1.274
1.262
1.419
0.994
0.895
0.750
0.691
0.964
1.005
1.667
1.060
1.275
1.448
0.951
1.123
1.081
0.967
1.202
1.201
0.741
1.361
0.922
1.026
0.701
0.851
1.041
1.774
1.166
0.762
0.823
1.098
0.875
0.921
1.066
1.187
0.891
1.786
0.562
0.502
1.403
0.610
0.983
0.700
0.946
1.567
2.035
1.349
1.572
1.501
1.641
1.562
1.165
1.629
2.691
1.427
2.148
1.672
2.272
1.880
1.292
2.106
1.933
2.264
1.476
1.409
1.380
1.331
1.747
0.987
1.176
0.767
0.851
0.912
0.952
1.775
1.117
1.305
1.810
1.064
1.529
1.190
1.130
1.340
1.753
0.840
1.487
1.133
1.210
0.871
1.222
1.504
1.788
1.292
0.939
1.008
1.382
1.104
1.245
1.593
1.581
0.938
2.161
0.668
0.511
1.566
0.637
1.043
0.854
1.152
1.606
3.006
1.854
1.875
1.924
1.643
1.779
1.306
1.825
1.940
2.931
2.165
3.868
2.950
1.828
4.467
2.986
3.717
2.289
2.108
2.073
2.114
2.413
1.762
1.552
1.186
1.192
1.159
1.407
2.182
1.617
1.757
2.521
1.325
1.933
1.944
0.826
0.864
3.421
1.542
3.043
1.450
2.033
1.511
2.116
2.415
2.703
1.957
1.321
1.375
1.896
1.465
1.568
2.397
1.925
1.450
3.023
0.832
0.765
2.893
0.966
1.569
0.925
1.534
2.055
3.546
2.908
2.964
3.529
2.596
2.732
1.795
2.999
1.967
1.389
1.969
1.635
1.039
2.148
1.767
2.186
1.312
1.322
1.238
1.217
1.589
0.981
0.908
0.819
0.724
0.677
0.947
1.406
0.948
1.148
1.522
0.952
1.233
1.028
1.122
1.325
1.518
0.801
1.446
0.974
1.128
0.803
1.135
1.296
1.445
1.153
0.760
0.852
1.213
1.229
0.953
1.166
1.157
0.999
2.067
0.665
0.583
1.637
0.665
1.058
0.747
0.913
1.363
1.925
1.590
2.082
1.757
1.603
1.625
1.228
1.768
2.123
1.924
2.513
1.574
3.198
2.861
3.230
2.155
2.035
2.177
2.338
1.246
1.333
1.338
0.995
1.058
1.107
1.330
2.181
1.538
1.727
2.385
1.457
1.095
1.478
2.051
2.172
2.295
1.116
2.143
1.358
1.931
1.413
1.480
1.781
2.500
1.806
1.127
1.348
1.929
1.460
1.504
1.922
1.871
1.423
2.968
0.812
0.832
2.559
0.976
1.469
0.940
1.208
1.938
3.052
2.509
2.667
2.344
2.342
2.124
1.712
2.184
2.836
1.970
1.222
2.466
2.082
2.530
1.543
1.466
1.482
1.456
1.809
1.141
1.070
0.791
0.846
0.880
1.279
1.744
1.103
1.352
1.735
1.069
0.809
1.173
1.189
1.444
1.614
0.884
1.608
1.010
1.410
0.947
1.077
1.257
1.737
1.348
0.860
0.993
1.387
1.073
1.103
1.257
1.325
1.042
2.087
0.589
0.589
1.714
0.701
1.073
0.722
0.934
1.373
2.223
1.582
1.806
1.715
1.759
1.648
1.216
1.732
2.221
1.437
2.695
2.691
3.243
1.992
1.866
1.854
1.873
2.164
1.230
1.205
0.951
0.954
0.990
1.186
2.092
1.293
1.536
2.131
1.221
1.661
1.373
1.577
2.158
2.201
1.145
2.211
1.346
1.774
1.235
1.403
1.659
2.176
1.867
1.055
1.325
1.899
1.422
1.471
1.771
1.917
1.314
2.959
0.781
0.745
2.381
0.860
1.667
0.929
1.215
1.921
3.164
2.205
2.309
2.837
2.227
2.056
1.618
2.277
1.238
2.148
2.207
2.414
1.542
1.527
1.454
1.430
1.714
1.036
1.017
0.796
0.802
0.834
0.987
1.616
1.053
1.246
1.712
1.028
1.358
1.137
1.187
1.412
1.700
0.913
1.643
1.108
1.393
1.042
1.145
1.350
1.760
1.455
0.962
1.028
1.421
1.092
1.179
1.404
1.456
1.125
2.211
0.703
0.637
1.846
0.768
1.180
1.532
1.014
1.563
2.444
1.728
1.899
1.939
1.826
1.739
1.348
1.911
1.469
1.415
1.563
1.016
1.098
1.031
0.944
1.109
0.719
0.668
0.581
0.540
0.551
0.700
1.170
0.748
0.846
1.217
0.719
0.938
0.737
0.754
0.872
0.998
0.562
1.046
0.719
0.866
0.665
0.757
0.832
1.066
0.897
0.617
0.723
0.933
0.754
0.732
0.881
0.913
0.700
1.361
0.475
0.429
1.111
0.509
0.819
0.535
0.708
0.972
1.497
1.090
1.190
1.163
1.219
1.102
0.919
1.211
2.746
3.418
2.045
1.964
1.957
1.864
2.352
1.279
1.287
0.970
1.093
1.099
1.276
2.287
1.364
1.673
2.181
1.268
1.677
1.458
1.521
2.014
2.134
1.057
2.008
1.385
1.723
1.212
1.330
1.715
2.318
1.976
1.168
1.277
1.902
1.444
1.475
1.789
1.932
1.431
2.742
0.823
0.729
2.387
0.927
1.414
0.863
1.150
1.926
2.968
2.182
2.427
2.376
2.328
2.161
1.668
2.313
3.201
2.078
2.031
1.886
1.888
2.318
1.285
1.224
1.047
1.043
1.119
1.297
2.306
1.410
1.638
2.145
1.340
1.692
1.383
1.572
1.858
2.093
1.050
2.040
1.250
1.665
1.175
1.344
1.563
2.213
1.745
1.046
1.202
1.906
1.427
1.446
1.737
1.940
1.412
2.809
0.818
0.725
2.451
0.921
1.522
0.952
1.188
2.006
3.116
2.214
2.305
2.394
2.352
2.114
1.625
2.627
2.395
2.364
2.222
2.209
2.862
1.563
1.591
1.142
1.145
1.235
1.435
2.571
1.592
2.038
2.546
1.592
2.047
1.627
1.697
2.258
2.537
1.217
2.469
1.486
2.049
1.371
1.608
1.859
2.694
2.106
1.238
1.410
2.084
1.536
1.598
1.971
2.119
1.565
3.385
0.942
0.841
2.950
1.077
1.687
1.088
1.402
2.342
3.777
2.627
2.984
2.831
2.619
2.578
2.004
2.968
1.471
1.412
1.365
1.710
1.030
0.994
1.615
0.757
0.816
0.971
1.490
0.976
1.191
1.631
0.991
1.264
1.113
1.159
1.253
1.529
0.852
1.441
0.932
1.212
0.829
1.045
1.068
1.436
1.154
0.769
0.857
1.293
0.922
0.934
1.128
1.230
0.895
1.776
0.633
0.515
1.522
0.639
0.999
0.663
0.915
1.351
2.106
1.439
1.706
1.664
1.625
1.487
1.254
1.645
1.311
1.322
1.765
0.992
0.987
0.763
0.776
0.784
0.946
1.527
1.014
1.185
1.586
0.894
1.240
1.030
1.051
1.231
1.433
0.775
1.337
0.942
1.157
0.847
0.973
1.147
1.573
1.159
0.830
1.045
1.239
1.001
0.930
1.165
1.315
0.947
1.850
0.617
0.595
1.501
0.639
1.087
0.707
0.885
1.348
1.893
1.390
1.523
1.517
1.509
1.378
1.255
1.585
1.300
1.520
0.977
0.925
0.748
0.758
0.746
0.844
1.491
0.919
1.179
1.548
0.947
1.215
0.989
1.066
1.336
1.429
0.779
1.415
0.910
1.152
0.862
0.948
1.157
1.446
1.173
0.752
0.836
1.177
0.929
0.970
1.189
1.307
0.958
1.882
0.589
0.526
1.533
0.617
1.019
0.618
0.863
1.316
2.082
1.485
1.657
1.605
1.604
1.504
1.152
1.498
1.491
0.849
0.837
0.649
0.681
0.756
0.815
1.645
0.949
1.187
1.559
0.907
1.301
1.042
0.996
1.362
1.540
0.794
1.530
0.984
1.283
0.890
1.015
1.207
1.634
1.345
0.815
0.857
1.326
0.946
0.983
1.215
1.296
0.996
1.968
0.562
0.510
1.573
0.628
1.171
0.623
0.991
1.427
2.151
1.487
1.616
1.581
1.575
1.547
1.169
1.692
0.997
1.025
0.823
0.800
0.852
1.080
1.900
1.153
1.323
1.915
1.062
1.365
1.182
1.177
1.492
1.711
0.841
1.751
1.127
1.462
1.045
1.205
1.342
1.948
1.585
0.958
1.069
1.571
1.198
1.147
1.464
1.602
1.159
2.384
0.656
0.597
1.882
0.784
1.213
0.753
1.002
1.471
2.447
1.749
1.937
1.916
1.798
1.666
1.363
1.978
0.672
0.493
0.524
0.525
0.649
1.018
0.690
0.808
1.022
0.665
0.866
0.813
0.829
0.790
0.965
0.523
0.969
0.642
0.762
0.597
0.627
0.771
1.030
0.789
0.562
0.638
0.801
0.629
0.672
0.814
0.885
0.651
1.249
0.419
0.391
1.013
0.452
0.727
0.474
0.609
0.939
1.326
0.999
1.119
1.097
1.103
1.029
0.831
1.054
0.498
0.523
0.505
0.653
1.019
0.670
0.763
1.088
0.657
0.854
0.719
0.747
0.846
0.954
0.512
0.947
0.683
0.785
0.544
0.644
0.765
0.987
0.786
0.554
0.609
0.769
0.655
0.674
0.748
0.865
0.642
1.272
0.404
0.383
1.058
0.447
0.723
0.467
0.603
0.911
1.356
0.986
1.123
1.118
1.091
0.968
0.770
1.076
0.386
0.429
0.494
0.789
0.535
0.633
0.781
0.514
0.673
0.572
0.588
0.677
0.840
0.464
0.756
0.486
0.609
0.466
0.530
0.589
0.802
0.655
0.465
0.487
0.659
0.516
0.525
0.640
0.688
0.508
0.946
0.326
0.298
0.813
0.345
0.577
0.354
0.458
0.724
1.093
0.799
0.851
0.838
0.814
0.792
0.669
0.813
0.411
0.501
0.778
0.571
0.619
0.859
0.517
0.642
0.561
0.578
0.674
0.710
0.416
0.721
0.496
0.599
0.459
0.499
0.569
0.742
0.634
0.431
0.467
0.633
0.501
0.521
0.602
0.646
0.510
0.977
0.328
0.304
0.814
0.357
0.587
0.377
0.475
0.704
1.077
0.794
0.876
0.874
0.858
0.778
0.646
0.855
0.492
0.817
0.544
0.635
0.808
0.498
0.700
0.588
0.594
0.625
0.745
0.443
0.750
0.476
0.623
0.480
0.542
0.618
0.808
0.654
0.450
0.464
0.619
0.527
0.537
0.619
0.679
0.516
0.984
0.339
0.304
0.826
0.370
0.605
0.381
0.487
0.744
1.115
0.820
0.899
0.894
0.899
0.781
0.662
0.877
1.007
0.653
0.764
1.084
0.650
0.838
0.684
0.738
0.876
0.985
0.537
0.931
0.576
0.785
0.572
0.633
0.728
0.971
0.791
0.513
0.605
0.849
0.646
0.662
0.735
0.846
0.644
1.215
0.360
0.431
0.972
0.419
0.704
0.448
0.582
0.905
1.329
0.955
1.075
1.114
1.086
0.996
0.799
1.068
1.125
1.376
1.889
1.077
1.496
1.122
1.284
1.614
1.875
0.963
1.853
1.059
1.477
0.979
1.183
1.347
1.936
1.609
0.962
1.082
1.573
1.180
1.197
1.500
1.616
1.189
2.421
0.644
0.583
1.915
0.734
1.171
0.691
0.990
1.517
2.539
1.716
1.918
2.010
1.774
1.837
1.419
1.878
0.755
1.037
0.617
0.808
0.680
0.725
0.847
0.968
0.522
0.942
0.606
0.796
0.621
0.789
0.816
1.088
0.855
0.626
0.649
0.953
0.698
0.712
0.852
0.925
0.675
1.346
0.425
0.382
1.137
0.467
0.713
0.436
0.578
0.984
1.496
1.064
1.123
1.102
1.117
1.067
0.856
1.113
1.277
0.742
1.064
0.903
0.934
1.167
1.354
0.683
1.285
0.760
0.968
0.788
0.820
1.010
1.380
1.065
0.684
0.707
1.109
0.826
0.858
1.022
1.158
0.856
1.621
0.505
0.440
1.394
0.555
0.863
0.556
0.743
1.150
1.755
1.242
1.422
1.425
1.389
1.298
0.981
1.416
1.093
1.492
1.167
1.251
1.567
1.851
0.837
1.736
1.272
1.401
1.010
1.059
1.342
1.756
1.431
0.933
1.055
1.476
1.136
1.190
1.372
1.408
1.121
2.255
0.663
0.556
1.801
0.796
1.224
0.774
0.940
1.586
2.411
1.705
1.781
1.824
1.759
1.577
1.268
1.719
0.757
0.671
0.674
0.776
0.895
0.491
0.941
0.576
0.699
0.522
0.661
0.766
0.992
0.746
0.536
0.608
0.830
0.647
0.667
0.758
0.794
0.598
1.151
0.404
0.380
1.038
0.446
0.704
0.424
0.595
0.889
1.377
1.004
1.109
1.047
1.042
0.971
0.796
1.040
0.926
0.993
1.187
1.414
0.729
1.379
0.784
1.044
0.817
0.922
1.084
1.418
1.205
0.741
0.792
1.171
0.859
0.907
1.131
1.185
0.855
1.829
0.530
0.483
1.467
0.536
0.869
0.571
0.762
1.198
1.770
1.324
1.468
1.513
1.448
1.407
1.095
1.527
0.840
0.972
1.133
0.627
1.046
0.690
0.911
0.668
0.713
0.871
1.173
0.950
0.590
0.699
0.955
0.684
0.747
0.907
0.975
0.747
1.464
0.435
0.406
1.244
0.510
0.740
0.508
0.625
0.981
1.526
1.082
1.379
1.273
1.234
1.104
0.867
1.255
0.996
1.121
0.611
1.186
0.760
0.948
0.639
0.744
0.871
1.147
0.986
0.649
0.735
0.982
0.797
0.803
0.982
1.016
0.751
1.507
0.475
0.413
1.289
0.518
0.825
0.507
0.663
1.092
1.672
1.139
1.252
1.430
1.282
1.166
0.961
1.316
1.779
0.772
1.757
0.960
1.447
0.879
1.071
1.258
1.833
1.450
0.748
0.952
1.435
1.070
1.089
1.380
1.439
1.033
2.235
0.525
0.506
1.746
0.712
0.969
0.621
0.821
1.407
2.154
1.518
1.833
1.754
1.715
1.636
1.241
1.693
0.827
1.740
1.002
1.476
0.961
1.090
1.317
1.941
1.611
0.905
1.019
1.596
1.125
1.185
1.452
1.569
1.155
2.498
0.634
0.581
2.022
0.743
1.141
0.738
0.916
1.630
2.515
1.756
1.975
2.000
1.888
1.885
1.470
2.082
0.811
0.508
0.685
0.501
0.578
0.667
0.894
0.679
0.475
0.522
0.748
0.568
0.553
0.672
0.693
0.556
1.103
0.350
0.289
0.881
0.389
0.620
0.362
0.462
0.773
1.126
0.804
0.896
0.932
0.898
0.819
0.667
0.895
1.122
1.468
1.018
1.147
1.440
2.072
1.557
0.909
1.037
1.494
1.077
1.215
1.456
1.724
1.162
2.324
0.609
0.547
1.991
0.698
1.157
0.691
1.013
1.563
2.488
1.681
1.946
1.948
1.818
1.814
1.409
1.988
0.850
0.555
0.709
0.829
1.139
0.922
0.560
0.599
0.874
0.625
0.700
0.866
0.895
0.676
1.425
0.399
0.344
1.057
0.451
0.688
0.414
0.562
0.868
1.351
0.966
1.146
1.114
1.034
1.081
0.777
1.078
0.888
0.989
1.197
1.725
1.345
0.754
0.878
1.347
0.904
1.009
1.209
1.337
0.977
2.023
0.461
0.472
1.752
0.602
0.986
0.587
0.799
1.386
2.180
1.494
1.603
1.655
1.612
1.500
1.212
1.607
0.603
0.734
1.045
0.866
0.471
0.590
0.854
0.605
0.594
0.734
0.871
0.638
1.284
0.367
0.324
1.079
0.419
0.598
0.418
0.552
0.882
1.310
0.942
1.070
1.118
0.954
0.992
0.766
1.022
0.871
1.134
0.962
0.589
0.644
0.958
0.680
0.738
0.868
0.955
0.700
1.335
0.419
0.385
1.219
0.472
0.778
0.487
0.681
0.986
1.510
1.119
1.240
1.242
1.139
1.125
0.877
1.247
1.659
1.192
0.690
0.796
1.209
0.887
0.919
1.138
1.222
0.851
1.699
0.483
0.418
1.523
0.523
0.838
0.548
0.749
1.220
1.894
1.319
1.625
1.505
1.446
1.412
1.094
1.509
1.657
1.031
1.062
1.629
1.168
1.304
1.499
1.654
1.305
2.684
0.670
0.614
2.348
0.770
1.245
0.729
1.037
1.717
2.798
1.974
2.201
2.164
2.092
2.055
1.600
2.185
0.794
0.907
1.354
0.997
0.985
1.281
1.383
0.991
1.929
0.563
0.451
1.683
0.556
0.965
0.609
0.826
1.278
2.143
1.434
1.624
1.663
1.510
1.512
1.161
1.648
0.474
0.670
0.511
0.535
0.699
0.691
0.503
1.018
0.316
0.284
0.853
0.357
0.581
0.359
0.455
0.715
1.119
0.802
0.983
0.916
0.899
0.884
0.715
0.967
0.858
0.660
0.676
0.924
0.886
0.647
1.246
0.387
0.355
1.056
0.403
0.704
0.430
0.580
0.962
1.403
1.026
1.118
1.101
1.088
1.019
0.815
1.162
0.973
1.038
1.275
1.293
0.984
2.048
0.540
0.484
1.599
0.611
1.004
0.609
0.813
1.350
2.120
1.452
1.570
1.589
1.475
1.517
1.167
1.686
0.732
0.879
0.880
0.702
1.395
0.414
0.372
1.137
0.467
0.695
0.469
0.611
0.988
1.520
1.076
1.158
1.218
1.176
1.085
0.866
1.162
0.842
0.999
0.737
1.470
0.420
0.382
1.226
0.473
0.764
0.458
0.609
0.935
1.596
1.102
1.155
1.139
1.184
1.241
0.887
1.194
1.224
0.916
1.896
0.504
0.456
1.452
0.579
0.939
0.580
0.784
1.284
1.998
1.404
1.497
1.548
1.524
1.383
1.101
1.530
0.915
1.848
0.561
0.494
1.566
0.567
0.967
0.560
0.809
1.258
1.918
1.512
2.226
2.209
2.046
2.136
1.398
2.051
1.536
0.436
0.358
1.452
0.493
0.826
0.513
0.731
1.170
1.927
1.071
1.180
1.248
1.157
1.149
0.994
1.382
0.926
0.818
2.597
0.882
1.452
0.935
1.189
2.725
3.169
2.214
2.530
2.616
3.017
2.272
1.724
2.514
0.268
0.694
0.317
0.429
0.297
0.367
0.608
0.807
0.654
0.650
0.621
0.720
0.583
0.498
0.657
0.556
0.260
0.405
0.275
0.340
0.516
0.770
0.639
0.663
0.679
0.662
0.537
0.445
0.647
0.830
1.218
0.844
1.236
1.738
2.805
1.831
2.103
2.097
2.148
3.396
1.735
2.301
0.535
0.329
0.414
0.726
1.068
0.795
0.940
0.831
0.742
0.823
0.656
0.802
0.535
0.723
1.000
1.485
1.127
1.360
1.301
1.528
1.329
1.056
1.294
0.477
0.740
1.066
0.790
0.851
0.995
0.854
0.766
0.630
0.831
0.942
1.436
0.992
1.138
0.992
0.972
0.919
0.678
0.685
0.898
0.901
1.951
1.951
1.354
1.362
1.513
1.534
1.509
1.753
1.493
1.467
1.388
1.391
1.104
1.104
1.511
1.528
2.233
2.273
2.461
2.378
2.379
2.372
2.323
2.277
2.210
2.219
1.742
1.704
2.427
2.439
1.643
1.659
1.642
1.687
1.588
1.616
1.485
1.533
1.185
1.180
1.643
1.657
1.828
1.825
1.765
1.790
1.657
1.667
1.321
1.398
1.884
1.921
1.789
1.812
1.648
1.687
1.325
1.326
1.821
1.627
1.881
1.297
1.646
1.791
1.295
1.219
1.819
1.666
1.246
1.284
1.658
1.294
