119.243
118.955
119.966
119.767
119.965
120.039
120.006
119.953
120.035
119.146
119.521
117.775
117.403
117.396
119.78
120.057
120.157
120.059
120.041
120.024
119.993
119.057
120.06
120.013
120.132
120.039
120.122
120.098
119.983
120.017
119.997
120.013
120.019
119.438
118.052
120.019
119.886
120.008
120.032
120.147
120.021
119.996
120.049
119.643
120.123
120.13
120.051
120.072
119.868
120.024
120.141
120
120.058
120.017
120.023
120.067
120.021
120.141
120.049
119.95
119.203
119.847
120.063
120.136
120.046
120.06
120.03
118.6
119.826
119.263
116.8
120.108
116.241
118.018
119.499
119.844
119.895
120.04
120.019
119.713
120.016
120.089
120.071
119.74
119.956
119.998
120.055
119.992
119.874
120.049
120.006
119.956
119.723
116.631
119.993
119.933
119.945
119.977
119.919
119.981
119.999
119.778
119.97
119.752
119.996
119.998
120.073
120.011
119.995
119.953
119.981
119.959
120.089
120.036
120.052
120.019
120.038
120.028
119.902
119.942
119.948
120.125
119.904
120.054
120.162
120.024
120.053
120.011
120.086
120.08
120.064
120.11
119.729
119.762
120.13
120.176
120.098
120.038
119.984
119.8
118.344
120.089
120.081
120.046
120.074
120.077
119.888
119.537
119.994
120.002
119.988
3.111
1.535
12.649
17.285
10.484
18.547
120.023
120.054
33.506
86.385
120.026
119.92
119.964
119.975
119.892
119.988
120.045
120.055
120.028
120.037
120.027
120.107
120.119
118.075
120.122
118.57
119.945
119.986
119.455
119.202
119.946
119.999
119.819
37.515
119.944
119.714
119.988
119.998
120.052
120.021
120.003
119.928
120.022
120.013
119.969
120.132
120.072
119.962
119.515
119.953
119.95
119.969
120.012
119.918
120.1
119.969
120.024
120.014
119.826
120.03
120.173
119.95
120.052
69.489
119.914
120.027
120.017
50.091
119.952
119.977
120.025
120.034
120.003
120.037
119.971
120.004
119.849
120
119.745
120.028
119.99
119.97
119.163
119.375
119.678
119.549
119.83
119.97
119.94
120.034
120.043
119.997
119.99
119.918
119.555
120.037
119.984
119.539
119.883
37.437
119.986
120.009
119.837
119.943
119.971
17.783
83.538
119.73
116.875
120.095
119.988
120.041
120.042
119.974
120.063
3.045
119.966
119.953
120.165
61.811
119.887
119.768
119.943
119.862
120.04
77.108
119.756
120.009
119.993
119.968
119.812
119.966
120.133
120.055
120.049
120.051
120.005
119.988
119.949
119.979
119.44
116.238
120.075
119.417
119.953
119.154
119.942
119.943
119.981
39.134
119.994
120.056
119.964
119.902
120.023
119.946
120.042
119.994
119.948
119.932
120.034
120.055
120.045
119.958
120.118
119.754
118.347
119.662
120.072
120.07
120.065
119.991
120.019
119.735
119.956
119.993
120.021
119.782
119.771
119.975
120.012
119.995
119.987
119.937
120.133
119.89
119.865
120.003
119.958
120.06
120.075
120.094
120.014
120.045
119.446
119.883
120.056
120.086
120.033
119.429
119.804
119.397
119.802
119.788
120.034
119.955
119.864
120.123
120.016
120.036
120.007
120.056
120.057
120.066
119.997
92.856
120.037
120.037
120.066
120.159
120.028
119.748
120.032
114.24
119.841
119.792
120.058
119.92
119.977
119.95
119.997
119.935
120.034
119.86
119.979
119.942
119.268
119.799
119.57
119.538
119.967
119.784
119.944
119.906
119.892
119.855
119.938
120.038
120.005
120.01
120.015
120.006
120.026
119.822
119.997
118.152
119.893
119.694
110.033
119.784
119.203
118.725
119.695
120.056
119.975
119.684
120.046
120.037
120.03
119.874
119.673
119.834
120.012
119.906
120.068
119.995
120.065
119.8
120.004
119.707
120.049
117.748
120.042
119.642
119.953
117.175
119.573
119.615
119.841
119.975
119.889
120.009
120.04
119.897
119.996
120.036
119.942
119.837
119.286
119.782
119.76
119.597
119.811
119.929
52.915
118.639
118.866
107.296
119.985
118.969
120.032
119.963
119.143
117.36
119.539
120.03
120.082
119.972
120.049
119.934
117.901
117.52
119.871
119.877
119.611
119.927
119.837
119.797
6.413
119.988
118.392
120.158
119.781
119.942
119.186
119.876
119.858
119.705
119.822
119.872
119.96
108.637
120.01
120.011
119.943
119.815
119.824
119.264
120.021
119.822
119.338
118.44
120.028
120.011
119.212
120.059
120.099
119.986
120.051
112.306
119.943
119.899
5.000
37.020
120.036
120.01
120.005
119.831
62.921
120.002
115.877
119.775
119.532
118.427
118.268
116.901
118.413
31.005
120.007
117.532
119.969
120.022
27.358
115.946
46.619
120.05
120.024
119.936
119.821
119.96
119.687
119.905
120.039
119.967
119.362
119.852
119.986
119.613
119.985
119.849
119.905
119.994
99.522
119.855
119.12
119.73
119.063
119.498
119.776
119.867
37.806
117.874
119.857
120
120.033
119.968
119.639
119.967
119.641
119.894
31.381
119.811
119.997
119.801
118.871
115.696
116.531
118.392
120.132
120.114
120.026
120.11
120.068
117.378
119.944
118.611
119.021
117.189
120.006
119.281
119.983
119.865
119.795
1.948
77.735
12.803
1.636
46.836
120.02
2.433
8.005
25.840
119.695
119.135
119.507
119.159
18.910
119.92
119.816
119.991
119.946
119.974
119.989
119.396
119.796
119.831
119.617
119.807
118.636
119.798
7.508
119.949
114.015
116.547
2.384
119.715
119.885
21.917
12.208
119.761
3.439
119.863
119.944
19.561
119.999
119.814
120.04
53.629
119.987
120.01
119.672
118.512
119.665
119.09
115.265
64.503
119.989
110.926
119.544
120.002
120.032
119.549
119.632
119.944
119.284
119.965
119.909
35.468
42.615
119.983
119.918
119.661
120.008
119.691
119.896
24.492
119.652
119.361
11.531
119.954
119.985
118.497
119.604
119.552
119.904
119.407
119.549
119.837
81.693
119.075
119.372
119.627
119.15
45.912
118.642
119.686
119.794
119.666
119.673
118.614
119.844
119.817
118.716
119.441
119.034
117.501
15.369
119.805
119.553
119.933
119.611
119.753
118.894
117.839
86.83
117.732
2.193
118.98
119.816
47.336
94.477
25.473
12.374
120.004
119.952
45.705
4.374
120.004
119.821
38.169
119.73
47.845
119.914
119.999
119.692
119.668
31.535
119.435
119.845
69.373
118.322
17.817
119.968
119.96
118.6
120.007
119.94
44.957
12.460
8.690
120.004
28.678
119.226
119.641
119.843
44.918
119.877
119.743
119.626
119.987
119.857
119.835
119.825
119.895
118.946
118.769
119.908
119.9
119.862
118.361
119.893
52.826
119.99
55.050
119.998
119.904
118.997
120.003
120.007
41.144
119.688
119.211
119.591
119.298
119.943
119.756
119.867
120.082
119.993
119.622
119.978
120.038
119.957
118.371
120.039
119.692
120.054
119.884
119.572
117.767
118.542
118.447
119.644
120.022
120.042
118.855
118.902
118.191
119.915
119.402
119.723
119.742
118.808
49.313
119.713
119.531
118.776
119.472
117.98
112.67
117.821
118.213
117.249
119.247
120.105
119.969
119.73
119.213
117.245
115.781
118.265
119.651
119.843
119.119
119.385
116.735
118.362
117.701
119.596
118.057
118.523
116.358
117.12
119.632
119.629
119.989
120.045
119.809
118.437
119.456
119.294
119.661
119.327
119.531
119.737
119.759
119.958
118.09
119.893
119.743
119.943
117.575
116.611
119.373
119.791
118.667
117.928
112.61
119.579
119.668
119.382
119.515
119.352
117.479
119.612
118.724
117.877
119.914
118.781
118.798
119.733
118.941
114.695
117.289
116.78
120.047
119.992
118.432
120.027
120.033
119.163
120.037
34.316
119.887
17.042
6.298
118.399
118.431
119.566
113.533
1.595
119.031
113.768
118.432
113.596
119.171
119.277
118.649
119.863
117.722
119.119
119.587
119.809
120.025
118.798
118.34
119.468
119.851
119.099
119.928
119.514
119.915
77.251
17.691
119.507
119.248
119.886
87.282
119.364
78.886
119.859
118.706
119.757
116.468
119.92
119.565
119.143
119.004
116.049
118.679
118.159
119.253
119.96
119.731
118.598
119.41
119.884
119.984
119.998
120.013
120.005
120.102
120.051
119.383
116.903
120.045
118.937
44.709
11.062
117.509
115.701
119.202
119.204
115.107
118.633
116.766
118.896
118.606
118.506
119.893
118.8
119.719
119.86
119.829
119.823
119.688
119.207
115.432
119.751
117.533
119.868
119.032
115.881
113.598
119.322
117.325
118.785
118.983
119.181
119.36
119.591
119.402
119.413
119.697
120.047
76.921
119.372
118.435
119.28
119.79
119.827
119.978
120.038
120.026
119.064
15.484
117.063
118.354
120.037
118.665
117.396
45.115
117.117
118.373
119.513
101.569
115.621
117.321
117.38
119.966
115.884
115.441
118.752
115.377
115.61
116.274
119.147
116.343
115.042
119.964
118.983
119.559
118.418
119.89
119.238
115.657
120.005
119.984
119.926
119.232
119.724
23.421
2.566
1.727
117.256
117.293
118.837
119.887
119.804
118.736
111.647
105.353
119.88
114.996
119.331
119.967
118.705
117.319
36.108
119.953
118.327
119.79
119.926
119.865
23.185
118.598
0.794
90.588
120.04
119.808
2.229
119.65
118.262
119.353
118.81
71.557
116.29
117.575
118.29
118.547
119.105
119.022
116.788
119.847
88.858
119.038
119.826
8.174
119.216
3.110
119.685
119.275
3.704
119.941
119.698
11.473
31.739
33.219
119.127
7.804
1.803
25.063
119.787
109.368
119.608
120
71.833
15.507
118.735
119.517
56.344
118.775
6.861
116.708
118.319
9.743
118.896
66.534
119.307
119.544
119.941
2.212
118.385
119.781
119.791
92.215
25.957
119.684
118.885
115.915
117.459
6.332
51.542
118.621
14.379
20.727
81.309
112.961
4.287
111.529
25.929
115.289
117.486
119.494
119.758
68.677
120.038
119.958
36.704
114.805
119.51
11.284
119.959
49.639
1.153
119.236
32.844
76.664
0.818
119.25
119.846
2.524
119.726
4.851
118.782
119.79
120.055
119.735
2.766
119.923
119.505
26.654
119.781
119.94
119.75
116.966
116.067
118.373
119.807
68.084
119.422
118.297
119.99
26.161
119.859
21.736
119.762
118.911
119.86
117.926
114.216
116.312
118.914
118.257
117.954
116.366
119.145
116.369
119.544
119.722
119.82
114.594
112.399
119.716
119.076
119.851
119.987
119.852
2.976
118.943
119.962
29.415
7.719
119.177
119.86
119.927
119.935
112.784
119.256
118.022
119.8
119.479
115.73
117.269
118.606
118.48
118.751
119.562
119.969
36.079
119.868
9.790
119.454
119.722
119.341
119.781
119.313
30.573
116.632
116.427
119.989
120.016
42.460
118.178
120.018
119.896
119.737
118.91
45.169
118.094
115.147
119.235
118.367
116.29
117.953
117.805
118.59
118.046
117.21
112.469
113.597
113.48
118.993
25.672
119.573
118.463
119.888
119.91
119.91
119.715
119.963
118.655
119.791
119.943
119.561
72.412
117.027
119.474
119.272
117.75
39.740
116.558
102.097
119.86
119.079
119.976
119.682
120.012
119.985
119.834
22.092
119.814
119.26
119.027
119.761
118.186
2.026
118.813
108.913
119.953
0.504
119.969
120.004
14.933
120.07
23.616
120.056
116.108
115.656
117.02
5.322
120.021
119.509
15.386
111.297
21.559
119.048
118.835
115.082
117.885
119.262
50.198
118.312
116.151
119.761
119.724
116.713
116.63
117.845
116.496
119.884
118.857
120.1
119.674
119.938
119.048
119.384
119.318
115.473
118.3
116.167
43.711
113.16
14.973
118.841
119.815
119.595
72.423
21.375
75.573
119.871
119.847
119.942
119.26
119.052
119.393
116.857
115.558
108.832
119.741
120.038
120.072
119.949
118.218
117.413
120.058
115.499
118.076
119.344
119.871
118.033
116.476
118.074
115.721
120.025
113.951
117.022
114.845
116.462
119.45
119.914
119.769
119.003
119.663
119.92
119.61
119.735
118.685
118.347
61.189
116.34
116.353
119.559
119.938
119.638
115.544
118.93
115.427
10.677
119.002
119.897
119.986
119.041
119.221
119.993
119.87
119.791
119.973
119.439
118.571
119.029
119.57
119.649
119.813
119.804
119.958
119.7
119.697
119.816
119.974
119.923
119.976
120.006
119.846
119.945
119.466
119.664
116.899
119.847
118.316
118.959
118.498
118.93
117.267
117.599
116.539
119.147
119.648
116.292
119.624
116.379
118.766
120.014
119.786
117.761
120.078
119.218
119.349
120.029
120.086
119.84
119.424
119.559
119.807
118.852
118.262
117.95
111.771
119.322
116.284
119.223
119.945
119.869
119.284
120.039
119.811
119.386
118.294
119.372
120.013
118.039
119.922
120.034
119.965
120.036
120.014
120.045
119.525
120.066
120.04
120.039
119.98
120.021
120.021
117.287
116.632
113.285
119.576
116.344
119.794
119.999
120.139
119.184
119.037
119.258
117.108
119.491
116.315
119.824
118.373
119.521
118.804
119.592
118.201
119.223
119.91
118.994
119.451
119.985
119.777
119.837
119.677
118.942
117.373
117.913
116.54
119.368
118.483
116.746
114.099
116.557
120.027
119.181
119.683
119.674
115.017
116.531
119.587
119.591
120.046
118.835
118.063
120.002
119.979
119.898
120.065
120.008
119.857
119.704
119.852
120.035
116.516
120.046
119.04
119.811
118.709
118.259
119.515
119.819
119.223
114.408
118.4
37.206
117.766
55.375
119.424
30.445
118.966
117.944
12.386
119.759
119.564
118.766
117.287
119.131
119.568
120
120.064
119.512
119.226
120.021
118.696
119.178
119.75
120.105
118.086
119.214
116.063
117.688
119.831
119.554
119.605
119.857
119.606
119.787
118.43
120.028
118.92
119.694
119.748
119.6
119.664
120.002
120.067
119.939
119.958
120.056
120.043
120.008
120.029
120.089
119.995
118.858
108.923
116.668
22.161
118.395
117.932
117.462
109.653
119.169
119.774
116.436
118.729
116.152
116.97
119.482
119.743
119.873
119.18
119.874
119.869
118.973
115.36
119.055
119.441
119.852
119.434
31.847
119.936
117.848
119.42
119.361
119.754
116.251
119.453
119.917
119.307
119.055
119.365
120.048
119.833
119.821
119.806
119.313
119.52
116.928
119.042
114.392
119.553
120.043
119.43
119.989
117.154
119.934
119.685
119.996
120.003
120.019
119.193
119.924
118.909
42.291
118.72
119.887
118.289
119.31
117.348
118
119.169
118.709
118.362
117.705
119.862
117.866
117.944
119.931
119.434
118.62
119.532
119.146
119.151
119.955
119.125
119.719
119.245
119.691
119.1
117.116
119.448
118.633
119.84
115.446
119.508
118.317
115.241
112.731
117.916
117.308
119.722
119.58
119.708
119.597
119.636
119.917
119.879
119.831
119.181
119.917
119.995
13.570
119.998
119.943
120.021
120.016
120.008
90.386
117.913
120.035
119.887
119.039
119.722
118.68
116.544
117.895
119.184
118.579
115.935
116.193
115.808
117.421
115.764
120.012
119.799
119.807
117.034
119.545
119.571
119.619
118.998
119.995
119.295
118.77
26.167
117.029
119.597
119.886
119.73
117.903
119.996
119.117
115.12
114.531
117.538
119.761
119.404
114.911
119.996
119.866
119.286
119.641
119.82
118.719
118.448
118.765
118.011
10.326
119.375
119.964
120.176
120.05
120.01
72.473
120.014
120.02
120.017
118.944
118.807
119.765
118.6
116.682
119.968
120.035
118.256
108.17
118.695
110.637
119.719
113.93
119.668
115.48
118.43
119.572
119.468
118.76
119.471
119.857
119.562
118.355
119.885
1.294
119.016
119.037
119.296
119.892
119.055
118.119
119.699
119.961
118.428
117.924
116.989
119.174
119.862
118.914
118.456
119.629
119.919
118.918
119.575
119.916
119.167
117.722
119.619
119.737
119.569
119.812
119.838
119.915
118.681
119.956
119.453
119.976
119.242
118.886
119.485
119.937
119.986
119.049
116.998
115.986
117.839
119.973
120.066
118.848
119.892
42.850
112.976
6.199
119.746
119.453
119.67
117.272
119.301
119.876
116.448
119.738
120.06
117.705
118.65
119.885
119.481
119.651
119.917
119.569
119.743
119.79
119.632
118.492
120.022
117.317
119.283
117.21
119.644
111.891
116.298
119.721
119.681
119.673
119.75
72.517
119.373
119.952
119.177
119.01
119.989
120.056
119.896
119.896
119.926
119.993
119.99
120.084
118.619
119.028
120.028
119.997
119.588
114.849
119.966
119.385
119.409
119.012
114.605
119.7
118.48
117.956
112.371
118.734
118.704
117.916
119.644
119.892
119.708
119.937
119.888
119.772
119.988
118.506
119.577
119.627
119.576
119.825
119.865
119.268
119.989
117.04
109.667
118.418
118.564
119.93
119.65
117.601
119.843
119.904
119.409
120
7.638
119.775
119.66
118.779
120.026
119.734
119.938
119.93
119.941
119.928
119.368
119.978
120.013
119.005
119.997
119.979
77.301
119.785
119.989
117.441
116.069
117.025
119.65
118.554
119.831
118.863
118.528
119.907
119.965
117.12
115.002
118.999
117.708
109.467
117.279
118.955
119.677
119.876
119.019
119.905
118.841
120.127
119.884
119.572
120.015
119.177
115.287
119.32
119.3
117.759
116.993
118.716
119.983
119.95
117.646
119.998
119.682
119.977
119.739
118.706
118.614
119.217
120.041
119.803
119.769
120.013
120.034
120.042
120.011
118.97
119.967
119.998
119.948
119.257
119.614
120.011
119.447
119.446
110.996
113.405
118.239
106.338
117.255
112.788
1.523
112.539
3.646
30.251
1.939
30.110
6.654
119.95
40.194
115.033
0.172
0.888
18.192
5.678
0.398
21.122
3.126
53.470
115.17
34.299
119.731
118.736
119.787
119.879
117.816
119.839
119.349
119.613
119.733
119.869
119.929
119.897
117.911
119.812
119.628
116.504
120.006
119.65
115.795
116.402
119.393
74.698
119.888
119.201
119.519
115.861
119.721
119.688
119.848
119.917
118.673
118.682
38.776
67.897
111.002
119.072
119.585
119.394
118.884
29.381
110.4
119.914
119.91
116.503
119.277
116.245
117.462
31.488
117.377
119.813
119.358
119.579
119.658
119.556
117.528
119.202
117.056
119.034
119.516
117.719
119.792
119.469
119.255
119.417
118.67
115.948
117.299
118.444
119.523
119.449
118.146
119.985
119.945
118.913
119.719
119.745
117.903
119.552
40.487
119.705
119.934
119.938
120.013
119.967
120.017
120.012
23.977
120.03
120
119.918
120.074
119.552
119.92
112.056
119.853
114.873
119.594
114.32
116.977
119.887
103.452
117.382
119.287
119.387
119.507
118.717
119.272
117.492
114.461
119.581
119.885
119.783
119.982
118.835
119.161
1.824
119.523
86.959
3.453
94.796
96.022
118.743
119.121
119.415
119.381
3.778
6.540
117.89
34.366
3.712
119.279
119.469
74.907
1.577
119.842
119.816
33.246
25.632
76.126
14.953
117.554
119.667
1.327
119.854
118.345
119.577
105.139
2.491
119.188
118.884
119.358
117.827
113.448
119.998
0.704
119.747
6.891
119.019
116.672
118.999
84.322
119.6
119.276
120.003
118.466
117.709
119.766
11.697
119.998
112.561
117.75
119.168
119.468
118.089
119.985
115.531
118.093
119.694
119.9
119.755
31.336
115.754
119.117
119.79
118.342
88.032
1.729
29.687
118.712
119.009
118.966
114.93
24.477
51.660
119.421
118.815
119.558
119.964
101.465
119.685
44.786
119.832
119.944
30.133
119.056
1.741
117.911
16.080
119.907
10.429
1.168
119.018
2.450
0.757
0.848
13.190
119.552
119.115
16.966
117.568
6.558
2.261
119.065
6.759
16.335
8.558
10.964
112.07
4.189
118.613
11.457
119.894
120.02
117.582
117.937
1.871
119.369
112.422
0.706
119.808
87.616
2.573
115.045
119.753
119.388
19.819
14.551
1.444
119.856
119.806
119.927
119.362
119.918
119.641
119.952
119.121
119.137
117.977
115.625
118.517
117.433
118.812
119.257
119.433
118.803
116.531
119.731
118.984
108.728
117.175
117.247
119.136
120.014
119.343
119.124
116.457
119.268
119.863
119.639
119.896
120.053
118.398
118.517
119.793
119.283
118.9
119.868
119.934
118.843
119.332
119.677
118.65
117.921
116.744
115.018
118.603
117.088
119.44
118.614
119.803
114.611
119.536
119.935
120.155
118.374
119.9
119.478
118.905
119.906
120.001
116.669
119.323
119.993
120.018
119.973
118.387
119.733
120.017
120.004
120.041
119.99
81.712
117.306
119.995
120.045
120.043
9.366
119.948
119.055
120.08
5.753
16.766
9.527
117.467
119.582
118.138
117.622
118.33
116.778
5.721
19.974
1.143
117.865
118.728
118.569
119.226
117.407
119.321
119.911
115.771
119.63
119.854
119.953
118.846
119.993
90.263
119.947
120.048
119.769
119.756
119.564
119.27
119.775
118.479
59.973
117.948
119.579
119.993
119.855
114.087
119.95
119.417
119.553
119.696
119.274
119.323
119.879
119.491
119.839
119.619
118.697
119.239
119.936
120.108
120.05
120.023
120.06
117.026
118.402
119.208
117.56
118.916
111.58
118.202
118.834
117.785
119.07
119.512
119.579
118.014
109.359
119.701
117.81
116.917
119.477
119.94
118.348
119.607
119.733
118.324
119.715
119.914
119.885
116.84
118.981
119.93
119.514
117.448
116.096
118.902
117.827
7.690
119.251
119.037
119.958
120
120.012
119.766
120.063
117.742
119.13
119.823
119.706
119.932
119.948
119.979
120.069
120.098
119.852
118.597
120.018
119.891
120.01
119.021
119.8
119.594
118.131
119.742
118.87
117.211
118.555
118.428
117.89
117.922
118.777
114.877
116.683
113.544
115.385
112.441
1.549
19.873
50.888
110.822
119.676
11.417
119.567
119.741
22.884
11.883
18.805
119.8
119.382
43.049
119.137
119.905
119.409
120.049
119.782
117.235
119.796
119.118
118.535
118.164
117.419
119.101
120.023
86.639
18.820
119.963
25.983
119.931
29.381
120.046
119.894
120.002
116.953
4.941
119.597
119.716
120.071
120.055
86.94
119.668
119.993
5.577
119.74
117.365
118.484
119.692
117.41
118.219
108.415
120.004
119.746
119.41
0.491
2.227
0.234
6.862
0.674
119.492
3.837
115.238
0.102
0.625
2.141
1.291
1.216
1.494
6.888
0.184
7.700
1.606
118.92
119.152
119.979
119.175
120
119.906
119.971
94.982
119.473
119.125
119.066
119.731
119.831
119.804
119.113
119.52
64.656
117.538
119.555
20.036
118.264
21.548
117.402
114.069
119.718
119.13
119.997
119.948
103.117
118.524
118.902
114.701
1.547
76.835
118.293
119
119.898
117.041
112.051
117.999
117.456
119.741
119.238
118.505
114.57
119.649
119.57
16.196
111.177
119.797
119.536
118.744
48.254
63.735
6.245
119.802
116.996
119.191
116.144
119.73
118.969
119
119.59
119.644
119.63
117.907
109.923
119.109
119.148
119.906
115.651
119.949
119.755
119.08
119.096
119.401
116.623
120.006
119.645
118.424
113.897
119.961
117.267
118.158
119.942
120.075
5.357
119.153
119.99
118.368
18.604
117.699
119.894
40.684
118.244
61.489
115.052
118.341
119.964
118.428
55.386
119.267
114.587
45.508
119.376
115.7
119.822
97.503
118.456
119.432
111.337
75.636
119.614
119.826
118.553
120.034
119.752
120.002
120.034
118.462
119.957
119.78
119.124
118.913
117.84
118.915
119.571
118.667
119.436
119.891
119.154
119.953
119.753
119.94
118.962
118.882
119.764
119.794
119.618
119.965
120.008
120.077
119.94
120.062
119.729
120.064
117.472
119.698
118.544
119.991
118.355
118.67
118.548
119.602
117.567
111.115
119.858
119.913
118.852
118.476
119.12
116.31
119.392
119.549
119.582
119.552
120.062
119.429
119.777
119.493
119.729
120.012
120.012
119.9
119.819
120.033
120.079
119.786
118.51
115.182
119.866
120.083
119.864
119.26
119.972
119.943
119.154
119.834
119.967
119.451
37.828
119.232
120.035
113.366
73.293
119.531
119.949
119.768
50.990
118.986
120.013
120.016
119.773
69.315
120.108
120.095
119.855
118.796
117.362
116.335
119.601
119.26
116.975
118.323
119.713
116.878
119.443
119.461
120.15
117.223
116.331
119.973
119.322
119.999
119.678
119.397
115.356
113.005
119.612
119.666
119.965
118.01
112.22
111.334
119.108
119.96
117.247
118.778
115.496
119.231
120.025
119.572
118.779
118.906
2.614
1.870
118.939
22.619
119.986
81.427
119.596
0.632
0.677
2.666
8.001
1.766
13.482
20.630
13.291
2.011
8.602
119.717
119.813
119.913
119.601
119.926
116.32
119.908
117.205
118.404
119.873
119.825
118.485
119.906
119.666
119.905
117.251
117.281
118.557
116.803
119.981
119.83
119.581
119.839
117.783
119.215
119.893
119.56
119.258
117.697
118.98
119.924
119.479
29.387
119.433
119.866
119.753
117.819
117.113
119.17
119.827
119.357
119.606
119.975
119.854
119.479
119.767
119.976
1.115
119.563
117.804
119.896
118.326
24.925
26.028
119.796
120.006
119.993
119.99
119.988
119.625
118.942
120
119.962
119.63
120.083
119.994
119.969
119.292
119.954
119.997
113.345
119.908
119.883
119.991
120.039
120.026
120.053
120.04
120.023
120.026
119.958
119.928
119.689
120.054
119.972
120.052
51.064
120.074
120.17
119.712
120.007
119.93
119.613
120.049
120.051
120.01
119.996
120.03
120.044
120.027
120.028
120.075
120.057
113.441
120.033
120.056
119.905
120.076
120.039
120.029
119.999
119.971
120.018
120.009
120.032
31.011
120.017
119.944
120.026
2.401
120.026
0.385
119.867
119.982
21.955
119.802
119.753
119.99
120.013
120.076
120.054
120.02
119.963
119.837
120.07
120.032
119.952
120.055
119.997
119.989
120.008
119.853
120.087
120.044
119.96
119.944
119.985
120.119
120.03
120.136
120.017
120.034
120.067
119.735
119.984
120.086
120.103
120.066
120.023
120.025
120.018
119.975
119.968
119.995
119.886
120.039
120.038
120.084
120.008
120.056
119.979
120.039
120.029
120.057
119.741
120.016
4.039
120.023
120.03
120.021
120.038
120.042
18.704
119.988
120.021
120.019
120.053
119.978
119.993
120.017
120.028
26.478
119.989
119.997
120.017
119.986
120.009
120.011
120.052
21.008
119.861
26.113
120.071
120.031
120.012
119.99
120.019
119.867
120.026
119.996
120.002
120.051
120.02
120.097
120.021
120.038
120.07
120.057
119.908
119.909
120.069
120.044
119.995
120.049
120.006
119.966
120.059
120.113
120.026
120.022
120.007
119.87
120.021
120.052
120.023
120.028
120.061
120.1
119.744
119.996
120.033
119.542
120.124
7.737
120.026
120.012
120.026
0.621
2.707
10.012
53.061
4.816
22.562
19.113
1.119
8.486
19.351
120.011
120.057
120.024
120.028
120.043
120.043
120.018
120.044
120.07
119.899
120.008
120.002
119.995
120.006
120.038
119.976
119.891
119.979
119.892
120.051
120.026
120.015
119.995
119.996
120.006
120.008
120.004
119.961
119.98
120.029
120.039
120.005
119.912
119.978
119.948
119.399
120.03
119.969
120.009
120.001
120.001
119.919
120.075
120.134
119.907
120.038
120.011
47.374
119.948
120.108
119.969
119.986
113.922
119.996
119.943
120.005
120.016
119.93
120.04
119.957
120.004
78.709
120.03
119.948
119.998
119.953
119.942
21.829
119.969
120.005
78.041
119.907
119.944
120.03
120.096
119.973
119.793
119.763
119.999
119.733
119.926
120
120.048
119.94
119.986
119.932
119.984
120.066
120.053
120.018
119.999
120.036
120.033
120.042
120.032
120.055
120.015
120.022
120.13
120.031
119.986
120.026
120.129
120.005
120.045
120.05
120.007
120.046
120.036
120.004
120.028
120.074
120.03
63.088
120.112
119.983
119.989
0.883
119.962
72.456
47.093
11.855
119.988
50.893
119.957
25.150
83.556
120.053
120.059
120.091
120.084
120.053
120.026
120.014
120.005
120.057
120.044
120.011
120.036
120.019
120.04
120.044
120.04
119.998
120.015
120.042
120.044
120.059
120.053
120.021
120.084
119.971
119.969
120.005
120.054
119.795
119.877
119.841
120.014
11.749
119.981
120.099
120.052
120.121
120.018
120.043
82.365
120.013
120.021
120.013
119.997
120.056
120.039
120.02
119.959
120.044
120.031
120.023
119.987
120.024
120.023
120.006
120.042
119.991
119.955
119.934
119.998
120.005
120.018
120.006
119.965
120.022
119.925
119.886
120.005
120.004
120.027
119.966
119.997
119.99
120.06
120.045
120.067
120.06
120.055
120.056
120.004
120.086
120.04
119.557
120.046
120.015
120.027
120.026
120.081
120.02
120.049
120.035
119.893
119.982
120.069
119.161
119.998
120.022
120.074
120.088
120.07
120.036
120.075
120.057
119.945
120.188
119.986
120.005
120.034
120.085
119.993
120.055
119.983
119.929
119.887
120.027
119.994
2.230
4.649
16.415
120.076
4.897
120.071
25.148
31.469
10.687
34.874
120.129
120.048
120.035
120.023
120.024
120.081
120.052
120.069
120.087
120.03
120.034
120.026
119.913
120.034
120.041
120.05
120.007
120.031
119.925
120.007
120.096
120.019
120.027
120.073
120.029
120.027
120.066
120.067
120.099
120.033
119.797
120.098
120.023
119.946
120.038
120.034
120.128
120.037
120.016
120.035
120.048
120.036
120.017
120.027
119.206
120.145
120.028
120.005
120.081
120.039
120.052
120.056
120.005
119.95
120.035
120.09
120.049
119.985
119.924
119.91
119.956
120.001
120.019
119.575
119.934
119.989
120.034
120.011
120.023
120.075
120.009
120.006
119.992
120.081
120.039
120.043
120.014
120.07
120.03
120.033
120.02
120.042
120.014
120.03
120.066
120.061
119.903
120.003
120.03
120.016
119.956
119.974
120.011
120.016
120.201
120.036
120.036
120.148
120.12
120.064
120.036
120.124
120.07
120.023
120.08
120.042
120.03
120.078
120.157
120.031
120.121
120.026
120.072
120.039
119.946
119.957
120.044
120.011
120.042
119.94
119.929
120.005
120.004
11.100
120.026
120.21
120.213
120.022
120.069
120.108
119.972
120.08
120.085
120.104
119.975
120.032
120.012
120.043
120.055
120.036
120.027
119.975
120.057
120.041
119.97
120.055
120.038
120.027
120.085
120.074
120.092
120.024
120.083
120.033
120.06
120.046
120.057
6.817
120
119.987
120.086
120.152
120.035
120.039
120.005
120.03
120.037
120.054
120.042
119.87
119.898
119.711
119.915
119.929
120.012
119.639
120.022
120.039
120.078
120.056
119.785
120.147
119.975
120.003
119.898
119.961
120.009
120.016
119.965
120.046
120.004
120.009
120.019
119.994
119.97
119.953
119.845
119.951
120.095
120.079
120.03
120.045
120.048
120.015
119.954
119.901
120.058
120.034
120.062
120.044
120.041
120.03
120.128
119.992
120.002
120.145
120.118
120.077
120.065
120.131
120.032
120.023
120.044
120.103
120.064
120.08
120.022
120.123
119.963
120.093
120.027
120.038
120.06
120.061
120.062
120.043
120.053
120.051
120.015
120.032
120.031
120.079
120.049
119.89
119.575
119.976
119.955
119.76
120.021
120.074
120.03
120.036
119.977
120.024
120.006
120.066
120.004
120.049
4.209
120.069
120.068
120.015
120.044
120.059
120.047
120.054
119.989
120.016
120.034
120.011
119.996
119.99
120.031
119.974
120.079
119.973
120.012
119.99
120.017
119.596
120.04
119.996
119.961
120.055
120.02
120.05
119.838
120.038
119.638
119.766
119.987
120.042
120.032
120.078
120.088
119.943
119.867
120.042
119.839
119.91
119.971
120.013
119.998
119.975
120.019
120.019
117.8
117.307
119.8
119.889
119.946
119.776
119.905
120.041
119.736
11.961
119.786
119.965
119.991
118.768
120.004
119.173
120.029
119.877
120.01
120.093
120.04
120.018
120.019
119.973
120.023
119.986
120.062
120.04
68.177
8.195
120.096
118.898
120.049
22.163
120.054
119.917
115.116
120.044
54.080
56.524
119.833
120.067
120.062
120.015
120.097
120.051
45.028
120.043
120.049
119.986
120.013
120.049
120.056
120.027
120.036
120.006
120.015
120.023
120.01
119.771
119.999
120.001
119.983
119.887
119.943
119.92
119.999
120.067
120.063
120.048
120.015
120.029
120.026
120.034
120.034
27.614
120.045
120.031
120.013
120.028
120.054
120.032
119.99
120.024
119.643
2.910
119.839
119.838
119.925
119.98
119.979
120.039
120.041
120.011
120.055
120.002
119.999
120.01
119.983
120.014
119.883
120.033
119.698
119.868
120.005
120.014
120.023
120.021
120.01
120.026
120.032
120.012
120.008
119.951
119.584
120.022
120.03
120.028
120.001
120.014
120
120.037
120.014
119.156
12.312
116.407
14.079
120.019
119.756
119.345
119.893
66.089
80.84
14.260
27.487
120.023
118.315
62.688
119.304
120.002
119.941
120.062
120.131
120.065
120.009
120.04
120.023
120.032
120.024
120.017
34.629
1.895
23.910
120.061
3.521
24.430
0.756
120.023
120.006
3.026
119.636
1.046
1.543
119.955
120.05
120.051
2.962
120.051
120.056
7.160
120.027
119.886
119.945
120.001
120.024
120.021
120.053
119.838
120.02
0.508
0.103
0.832
4.878
1.117
0.403
15.971
0.191
0.306
120.039
120.01
119.965
120.039
41.510
120.045
120.054
20.561
120.041
119.929
119.729
39.711
10.960
120.011
119.79
120.005
10.744
119.999
40.291
120.015
120.003
120
120.008
120.08
120.01
119.985
120.046
120.018
120.064
120.032
119.998
61.834
0.853
14.358
120.021
120.054
120.049
119.963
5.266
0.797
100.764
119.902
31.212
119.892
119.991
120.002
119.916
0.121
92.484
104.847
110.587
12.025
7.626
5.628
0.680
120.024
13.470
38.580
119.93
119.735
80.667
27.309
2.958
1.258
119.996
119.996
119.991
120.034
35.552
119.97
10.492
120.015
35.750
119.935
119.975
119.983
120.032
120.026
119.909
119.991
78.421
120.004
119.981
119.809
119.897
119.998
119.998
120.037
120.002
120.024
119.999
119.977
119.979
119.795
120.142
120.004
119.867
119.873
119.97
119.991
120.003
120.032
120.019
120
119.892
68.282
119.994
120.01
120.035
120.019
120.008
18.486
119.972
3.201
1.966
1.385
38.190
27.448
22.784
119.982
7.719
119.522
119.93
120.053
120.053
119.88
120.033
120.076
119.997
120.074
119.899
120.014
119.979
120.035
120.072
119.799
120.009
119.998
117.562
119.755
120.005
120.084
120.008
120.047
120.056
120.094
120.02
120.091
120.017
120.033
120.033
120.017
119.944
53.385
120.114
120.035
120.022
120.07
120.022
120.043
5.625
120.032
119.996
120.008
120.028
120.049
120.017
120.013
95.218
120.037
120.052
120.041
120.007
119.945
120.003
61.454
119.994
119.997
120.001
119.952
119.978
119.991
120.027
119.979
120.008
119.997
119.897
119.993
120
120.009
120.083
120.002
119.995
23.305
119.708
120.091
119.901
119.817
120.019
119.999
119.227
120.037
120.044
119.992
120.021
120.001
120.018
120.007
120.072
120.01
120.018
120.015
120.021
120.019
120.043
119.931
119.909
120.063
119.904
120.076
119.951
120.035
120.05
119.896
119.992
120.038
119.96
119.93
120.097
120.071
120.025
120.031
120.026
120.038
0.429
4.551
119.995
9.551
13.388
0.499
0.713
120.039
120.032
120.014
119.945
14.488
119.998
119.976
120.056
120.017
119.877
119.996
85.662
119.944
120.057
120.02
120.045
120.015
120.007
119.181
32.249
120.011
9.724
119.931
119.997
120.071
120.016
120.01
120.018
120.029
120.021
120.018
119.894
2.020
66.066
119.949
120.132
120.032
120.032
19.372
64.816
119.968
119.677
119.937
119.784
119.96
119.938
119.982
59.660
31.885
120.012
120.01
119.918
59.502
120.024
9.353
119.999
120.014
119.952
119.909
120
119.981
120.009
119.859
119.921
119.999
120.013
119.862
119.99
119.685
120.031
36.062
119.999
119.939
120.005
120.054
120.008
120.021
120.061
120.011
119.95
52.717
120.015
119.961
120.038
120.033
120.019
6.019
120.037
119.917
120.037
29.521
120.126
119.995
120.051
120.011
119.827
119.994
120.015
120.027
120.032
120.048
120.015
120.045
120.023
120.019
120.037
42.795
119.846
119.983
119.908
119.812
36.424
55.322
17.944
119.927
19.087
27.841
119.974
14.681
120.041
120.011
119.926
120.01
120.014
120.023
120.044
119.919
120.052
120.02
119.971
120.025
120.108
120.047
120.03
119.787
120.006
119.998
120.016
120.013
119.993
120
119.997
120.069
119.885
119.975
120.043
120.066
120.024
119.944
119.934
120.024
120.014
120.011
120.14
119.97
119.672
120.068
120.031
14.243
120.052
120.031
120.013
119.985
119.734
119.988
120.021
22.247
120.005
119.972
120.063
120.004
38.879
119.942
119.819
120.042
119.996
120.023
119.972
120.06
120.007
119.994
119.941
119.945
119.997
120.026
120.042
119.912
120.041
119.995
119.995
120.001
119.991
120.122
120.064
120.044
120.073
120.035
120.012
120.062
119.972
120.016
119.955
120.05
120.075
120.018
119.972
120.172
120.047
119.994
120.03
120.018
120.024
119.977
120.089
119.631
120.035
120.053
120.068
120.053
120.031
120.105
120.063
120.008
120.087
120.016
119.967
120.03
120.064
120.028
120.026
119.887
120.018
2.581
0.395
3.465
111.462
5.074
120.047
119.965
120.018
119.964
119.985
119.941
120.021
120.079
120.042
120.154
119.988
119.963
119.965
120.002
119.952
119.789
120.005
120.001
119.967
120.005
119.828
85.248
119.958
119.935
120.059
120.09
120.014
120.023
119.901
119.998
99.367
120.016
28.937
119.965
120.003
119.974
120.064
119.992
119.773
119.968
119.905
119.146
119.944
119.786
119.981
119.939
119.988
116.383
119.857
119.911
120.004
119.887
119.996
120.002
119.871
120.007
119.983
119.966
119.92
119.912
119.994
88.335
119.942
27.705
119.997
53.518
119.993
120.002
120.009
120.03
120.013
120.015
119.966
119.967
119.97
120.024
120.027
120.05
120.036
120.022
120.012
120.008
119.946
119.893
119.969
120.038
120.02
119.822
120.026
119.848
119.997
119.881
119.714
119.983
120.02
119.954
119.971
119.99
120.042
120.031
119.967
120.008
119.988
120.123
119.993
120.014
119.967
119.979
120.007
119.899
120.014
120.018
120.043
120
119.991
62.706
119.977
119.891
119.971
120.052
120.033
120.022
120.027
120.044
120.029
120.036
120.005
120.031
119.936
120.028
120.024
119.858
118.567
120.004
120.048
119.991
120.01
119.972
119.926
120.035
119.998
120.025
120.014
120.119
119.989
120.026
119.978
120.035
120.037
30.986
120.034
119.985
120.164
120.04
120.018
120.023
119.997
119.928
119.943
119.948
119.975
120.001
119.832
120.016
9.977
120.037
120.057
120.048
120.009
120.03
120.033
119.879
120.032
120.005
119.997
119.942
119.964
119.989
120.036
120.009
119.987
119.983
119.99
119.836
119.942
119.951
120.007
119.984
119.984
119.992
120.09
120.021
120.024
120.096
120.032
119.967
119.949
116.011
119.951
119.827
120.033
120.017
120.033
119.786
120.069
120.022
120.008
120.038
120.019
120.036
119.98
119.98
119.945
119.958
119.986
120.046
120.03
120.01
120.048
120
119.984
120.022
120.098
120.013
120.052
120.025
120.011
120.017
120
120.041
0.144
0.325
0.324
120.002
119.934
119.992
120.007
120.004
119.966
119.977
119.991
120.019
120.027
119.935
119.936
120.04
120.027
119.993
119.927
119.932
119.986
120.005
119.989
119.997
119.96
119.981
120
119.988
119.977
120.031
120.004
114.857
119.996
119.994
119.994
30.206
119.981
119.987
119.961
119.994
120.004
119.968
103.417
119.956
119.659
119.995
120.002
120.013
119.978
120.024
119.95
119.992
119.947
120.007
119.991
120.001
119.934
119.985
119.962
119.959
20.549
53.167
119.954
119.366
48.234
120.001
119.922
119.931
119.997
102.721
119.891
118.807
119.909
119.925
88.212
42.805
119.943
119.987
119.9
119.997
104.779
107.045
120.041
100.994
115.061
119.983
120.02
120.013
119.999
48.954
119.961
119.992
120.012
119.64
119.987
120.004
120.01
120.017
119.777
119.966
119.941
120.013
120.009
119.996
120.032
120.047
120.011
119.954
119.964
119.981
119.999
120.01
119.991
119.946
119.969
119.974
10.997
0.462
119.997
119.996
119.954
119.979
120
119.97
120.018
120.016
120.016
119.933
119.98
120.016
119.972
120.003
120.004
119.985
4.312
119.988
120.002
119.998
120.037
120.011
120.012
120.005
108.29
120.011
119.981
120.011
119.988
119.978
119.996
102.481
14.346
77.611
119.951
120.007
120.013
120.013
119.933
67.082
119.702
120.019
119.91
119.948
120.012
120.01
119.994
22.240
120.02
30.172
119.987
119.994
119.772
24.635
57.859
120.055
119.976
119.991
12.692
119.885
120
119.952
119.893
119.944
119.95
119.898
119.582
119.673
119.947
120
119.936
119.814
58.032
119.954
119.997
120.023
120.002
120.005
119.954
120
119.894
119.858
119.947
119.982
120.013
119.832
119.986
120.017
119.998
119.908
59.518
119.977
119.985
55.538
119.781
64.051
93.945
119.956
120
119.95
102.483
119.872
120.034
119.993
120.024
119.992
119.985
119.985
120.005
119.998
119.965
120.093
120.013
1.222
119.994
120.001
119.983
119.955
119.992
119.981
120.013
120.005
120.01
119.966
120.007
119.946
56.983
120.019
120.065
5.142
1.265
18.101
42.320
119.963
16.168
119.984
119.97
120.028
119.997
119.993
119.975
75.302
53.552
6.755
20.427
57.789
4.179
1.833
31.090
119.983
28.927
120.024
119.996
8.861
3.989
94.026
49.906
119.987
120.006
119.99
119.925
14.482
36.426
52.718
30.444
8.582
13.463
119.973
65.287
119.988
16.351
119.944
119.117
119.851
119.835
119.906
119.967
119.894
119.899
119.879
119.913
119.678
119.882
120.015
90.45
119.884
119.849
119.989
120.014
119.965
119.992
30.930
119.991
68.114
12.867
120.008
120.018
119.997
119.961
119.974
19.807
120.017
119.94
119.986
10.110
119.998
120.012
119.743
120.001
119.921
119.633
119.964
120.039
119.969
119.992
120.061
120.011
120.004
117.818
119.99
73.439
90.895
119.971
1.339
120.001
54.344
119.885
119.974
120.01
120.003
119.992
120.003
119.986
119.999
119.894
120.003
119.978
120.028
119.669
119.974
119.951
120.037
120.011
119.974
119.967
120.018
119.993
119.988
119.965
119.961
119.962
120.004
119.977
120.036
119.975
119.991
120.019
119.961
119.946
42.798
119.879
119.998
120.015
120.072
119.951
120
119.974
120.006
119.962
120.004
120.001
120.037
119.935
119.991
119.966
120.017
120.012
119.996
119.95
119.987
119.977
119.996
120.008
119.991
119.964
119.841
119.853
119.911
119.941
119.962
119.928
119.99
119.985
119.978
119.986
119.996
120.006
119.905
119.935
84.044
120.025
119.972
120.005
120.035
120.055
119.943
119.983
119.973
119.95
119.984
120.004
119.982
119.98
119.994
120.046
119.947
120.015
119.949
119.985
120.015
120.028
119.861
119.985
119.994
120.01
120.009
120.018
120.034
120.049
119.974
119.982
119.958
120.003
120.002
120.011
119.85
119.857
119.923
119.942
119.985
120.048
120.049
120.059
120.214
120.072
120.18
120.109
120.122
120.087
120.121
120.064
120.026
120.131
120.152
120.149
120.089
120.091
120.147
120.068
120.101
120.049
120.06
120.096
120.072
120.042
120.226
119.914
120.072
120.068
120.08
120.055
119.997
120.051
120.109
120.188
120.157
120.104
120.307
120.033
120.012
120.009
120.046
120.026
120.049
120.078
120.05
120.016
120.116
120.127
119.85
120.037
119.997
120.04
119.958
120.087
119.947
119.92
119.966
120.035
119.998
120.042
120.042
119.994
119.999
120.027
120.052
120.064
120.002
120.084
120.023
120.021
120.01
120.119
120.185
120.087
120.133
120.089
120.059
120.046
120.022
120.016
120.093
120.103
120.065
120.069
119.979
120.191
120.095
120.1
120.038
119.984
120.041
120.021
120.115
120.069
120.05
120.093
120.169
120.264
120.022
120.236
120.068
120.033
120.211
120.179
120.061
119.808
120.35
120.113
120.14
120.015
119.706
119.997
109.996
120.037
120.013
120.095
120.034
120.019
120.039
120.123
119.99
120.006
120.043
120.014
120.047
119.982
119.997
119.967
120.039
120.071
120.022
119.999
120.096
120.04
120.002
120.049
119.978
119.991
120.044
120.042
120.074
119.994
119.759
120.052
120.055
120.042
120.014
120.003
119.983
120.035
120.025
119.785
120.028
120.026
120.071
120.034
120.01
120
119.94
120.038
120.008
26.053
120.032
120.068
120.036
120.034
119.956
120.014
120.01
119.94
120.051
119.997
119.994
120.001
119.951
120.066
119.994
119.99
120.056
98.703
120.003
47.239
120.069
120.033
120.041
120.057
120.048
120.038
120.024
120.036
120.081
120.048
120.016
120.009
120.006
120.031
120.1
119.953
119.955
119.938
120.029
120.055
120.031
120.092
120.032
120.015
119.97
120.165
120.002
119.946
120.096
120.036
120.029
120.069
120.023
120.016
120.104
120.081
120.05
120.081
120.03
119.176
120.045
120.017
120.045
120.027
120.043
120.029
120.023
120.063
120.019
119.614
120.041
120.079
120.065
120.056
120.021
119.974
120.026
119.962
120.001
120.025
120.019
120.002
120.026
120.079
120.026
120.068
120.017
120.037
120.089
120.047
120.044
119.982
119.999
120.031
120.009
120.013
119.997
120.005
120.075
119.999
119.997
120.023
120.088
119.996
102.964
120.055
120.027
119.991
120.012
103.308
120.01
119.954
119.992
120.02
119.899
119.953
119.914
119.976
119.998
119.947
119.923
119.98
119.981
119.983
120.027
120.041
119.99
119.893
120.008
20.348
120.088
120.045
120.052
120.02
120.034
119.999
119.95
80.06
120.02
120.012
120.042
119.119
120.011
119.989
120.056
120.057
120.108
120.01
120.032
120.047
120.051
120.049
119.927
119.964
120.01
120.006
120.103
120.122
120.124
120.058
119.978
120.095
119.936
120.004
119.969
120.02
120.015
120.066
120.008
119.911
38.860
119.98
119.984
120.044
120.081
120.041
120.045
119.981
119.995
119.951
120.051
120.049
120.018
120.086
120.141
120.082
120.176
120.05
120.047
120.026
119.984
120.042
120.12
120.04
120.275
120.018
120.043
120.032
119.989
120.079
120.025
120.062
120.144
120.099
120.042
119.992
120.085
120.03
120.017
120.028
120.073
120.06
120.023
119.95
120.045
120.043
120.046
120.054
119.965
120.014
120.028
120.071
120.099
119.992
119.986
119.945
120.031
119.832
120.02
119.763
120.019
120.009
120.005
120.001
119.981
120.055
119.975
120.02
120.028
120.068
119.978
119.892
120.046
120.077
120.19
120.051
120.01
120.108
120.068
67.129
119.977
120.012
119.951
120.054
120.034
120.042
120.098
120.05
120.066
120.034
120.013
120.04
120.035
120.006
120.107
120.085
120.051
120.112
120.051
120.044
120.114
120.026
120.025
120.057
120.156
120.034
120.041
120.026
120
120.037
120.051
119.982
120.04
120.032
119.962
120.031
120.036
120.039
120.005
120.002
120.057
120.021
119.981
120.066
120.305
120.017
120.031
120.037
119.961
120.04
119.964
120.045
120.037
120.051
119.953
120.06
119.994
120.019
120.098
120.015
120.06
120.04
120.018
26.430
119.976
120.012
120.085
119.991
120.089
120.134
120.023
24.009
120.022
120.048
120.008
119.949
10.280
119.99
120.009
120.038
120.064
119.969
119.848
119.98
120.017
119.982
119.942
23.090
120.044
119.982
119.995
120.001
119.969
119.984
15.518
119.959
29.749
119.998
119.985
120.031
120.083
120.073
120.023
120
120.049
120.035
120.072
119.984
120.008
120.061
119.987
120.061
120.028
120.007
120.04
120.018
120.062
119.962
120.027
120.038
120.008
119.997
120.021
120.045
120.042
120.056
120.038
120.045
119.319
120.022
119.999
120.036
120.077
120.009
120.21
120.013
120.01
33.901
120.038
119.448
120.025
120.034
120.002
119.973
120.063
120.052
119.939
119.953
119.965
120.032
5.390
120.014
120.027
120.008
119.979
119.973
74.236
119.997
120.013
120.011
120.017
120.012
119.989
119.983
120.006
120.103
120.094
120.042
120.062
120.034
120.007
120.047
120.008
120.007
120.062
120.038
120.039
120.014
119.923
119.943
120.048
120.023
120.055
119.96
120.009
119.999
120.011
120.023
2.117
1.057
5.706
8.036
0.274
1.456
0.958
1.250
22.322
9.010
0.242
4.177
119.996
28.540
1.122
119.959
120.158
120.07
120.016
119.962
120.011
99.487
120.026
34.860
21.366
41.790
120.015
120.038
51.670
50.922
120.084
99.025
72.103
120.01
120.027
120.047
120.014
120.048
15.915
84.977
120.041
120.073
120.057
12.322
120.135
120.027
72.684
120.038
119.98
70.384
120.034
120.033
120.001
120.015
120.021
120.043
120.032
119.83
120.071
120.098
120.024
120.033
120.07
120.083
120.06
120.011
120.155
120.057
120.073
120.082
120.072
120.087
120.105
120.052
120.09
120.075
120.062
120.005
120.026
120.027
120.028
120.029
120.008
120.02
120.053
120.148
120.096
120.02
120.004
120.02
119.986
120.057
120.056
120.032
119.87
119.905
119.959
119.966
120.065
119.965
120
119.962
120.029
119.952
119.973
120.014
67.659
22.624
120.042
120.083
75.867
14.093
17.418
120.037
120.142
120.01
113.12
120.007
120.263
119.98
120.035
119.966
120.095
120.057
120.107
120.033
120.051
120.03
120.066
95.018
120.165
120.087
120.051
120.02
120.035
120.023
120.14
120.044
120.025
120.043
120.059
120.17
120.063
120.05
120.012
120.047
120.07
120.125
120.094
120.023
120.161
120.058
120.108
120.08
120.105
120.073
120.076
120.152
119.972
120.05
119.912
120.039
120.085
119.925
120.066
111.809
119.978
119.982
120.043
120.068
120.011
120.044
120.045
120.062
120.037
66.965
120.091
120.042
120.057
119.963
120.089
120.023
119.982
120.069
120.053
119.988
119.986
119.971
119.998
120.038
119.951
119.908
120.027
73.78
120.015
120.022
120.027
120.065
120.036
120.021
119.99
52.320
120.05
120.074
120.048
61.335
119.917
119.912
120.045
120.036
120.023
119.921
119.967
120.006
120.03
119.957
76.457
119.968
119.99
119.988
120.014
120.001
120.085
119.977
119.99
120.048
119.977
120.124
120.044
120.056
120.06
119.911
72.926
120.023
120.053
119.994
120.054
120.007
120.001
120.006
120.035
120.163
120.034
119.946
120.008
120.036
120.062
120.071
120.074
120.022
120.018
120.044
119.919
120.055
119.81
120.09
120.164
120.036
120.033
120.047
119.984
120.017
120.057
120.012
120.029
120.05
120.074
120.035
120.083
120.054
120.016
120.054
120.047
120.041
120.108
120.017
120.011
120.058
120.006
120.127
120.083
119.965
119.932
119.981
120.08
120.059
120.057
120.042
120.027
120.063
120.029
120.094
120.046
120.104
120.076
120.058
120.03
120.018
120.047
120.053
120.03
120.044
118.839
118.183
119.07
119.454
119.57
118.752
119.854
119.256
119.163
118.997
119.722
119.883
120.041
14.877
16.923
119.998
119.89
118.349
119.289
117.423
117.629
118.959
119.556
28.991
44.735
119.32
119.819
117.868
118.647
119.754
116.849
118.449
119.26
118.689
119.63
120.052
119.975
119.191
119.483
119.939
119.167
118.826
119.425
119.214
119.387
119.962
120.062
119.552
119.343
120.04
120.124
118.322
119.982
120.069
118.651
119.814
119.752
119.284
119.9
119.703
120.057
119.936
119.159
119.414
119.302
118.712
119.488
119.811
118.571
119.673
118.914
118.165
119.822
119.587
119.948
119.275
119.939
118.738
118.234
117.53
119.529
117.35
120.012
118.78
118.816
118.516
120.006
116.779
119.422
119.878
118.83
118.948
119.015
118.925
119.326
118.563
119.308
119.975
119.721
117.991
119.781
119.835
119.893
119.144
119.141
118.925
119.968
118.945
118.646
118.749
119.743
119.202
119.422
119.586
119.996
120.028
119.916
118.756
117.084
118.4
119.655
119.436
116.573
119.198
115.758
119.24
119.788
117.427
119.778
119.013
119.344
117.68
120.017
119.996
119.605
119.972
118.129
120.018
119.366
119.271
120
119.89
120.025
119.649
119.044
119.207
119.135
119.879
119.303
119.698
118.794
119.973
118.918
119.799
119.743
119.716
119.227
118.313
119.856
119.658
119.525
119.382
119.749
118.879
119.511
118.563
119.924
120.031
119.669
118.958
119.062
118.487
119.389
119.795
119.168
117.939
119.571
118.917
118.87
118.506
118.813
120.021
120.079
118.484
118.939
119.462
119.931
119.323
120.045
118.449
116.303
119.55
118.574
119.638
120.014
119.881
118.385
118.592
119.88
119.599
117.933
119.29
118.848
119.822
119.972
119.687
118.567
119.84
119.329
119.144
119.262
118.462
120.015
119.33
119.506
119.718
119.254
118.993
119.931
119.827
119.597
119.935
118.724
119.661
117.852
119.604
119.921
119.984
119.842
119.839
119.144
119.104
119.602
119.245
119.676
118.797
119.953
118.996
119.27
119.53
119.755
120.083
119.806
118.466
119.53
119.708
119.82
119.733
118.293
119.999
119.545
119.976
119.26
120.019
119.978
119.577
120.04
119.94
120.066
120.108
120.127
120.017
120.072
120.015
120.042
120.043
120
120.019
119.998
120.061
120.05
120.052
120.105
119.726
119.792
115.616
120.041
120.047
119.973
120.026
119.739
119.973
119.745
21.549
119.986
120.028
120.007
119.961
120.015
41.183
120.02
113.297
119.926
119.941
119.935
120.037
120.076
120.03
120.069
120.007
120.014
22.607
120.059
120.014
120.015
120.025
120.045
120.031
120.002
119.998
120.091
120.036
120.023
120.035
120.003
119.999
120.014
120.144
120.039
119.999
119.949
119.965
120.03
120.006
115.286
105.85
120.028
120.024
119.997
120.017
120.003
120.049
93.189
120.066
119.543
119.266
119.87
119.86
119.893
120.097
119.854
120
92.951
18.085
120.013
54.936
120.075
119.681
115.318
119.009
120.069
120.02
59.040
120.109
120.038
120.025
120.052
120.033
120.01
120.086
120.074
120.018
120.054
120.09
120.031
120.018
120.057
11.756
88.7
120.09
120.052
120.02
69.147
120.101
120.014
120.024
117.019
6.561
11.047
7.300
119.997
8.344
120.001
119.997
120.009
120.051
120.007
45.637
120.027
120.016
120.009
120.001
120.061
120.053
120.025
119.76
120.04
119.568
119.094
119.057
119.527
119.896
119.981
119.793
119.983
120.014
119.742
120.01
119.545
117.132
119.877
120.009
119.85
119.81
120.018
120.013
120.003
120.084
120.029
0.986
1.185
1.313
3.386
2.053
0.927
0.622
10.595
1.898
2.024
3.565
1.733
119.877
4.276
0.614
35.762
120.092
16.278
14.782
120.012
120.025
24.561
120.012
79.101
1.090
120.038
119.997
4.693
6.974
8.075
120.042
1.183
43.211
14.938
2.412
120.108
11.423
120.028
1.846
120.026
120.038
120.116
120.017
0.818
120.069
83.445
4.292
120.012
120.02
119.991
120.018
120.018
119.99
120.005
120.006
119.993
120.053
120.053
6.973
120.037
120.034
120.133
120.033
120.01
120.049
120.061
120.028
120.039
120.06
120.083
120.035
120.034
120.04
120.032
120.018
120.025
120.007
120.073
120.069
120.03
120.024
120.01
120.044
120.005
120.041
120.057
120.031
120.03
120.054
120.017
120.022
120.067
119.819
119.802
119.715
119.166
120.017
120.022
120.031
119.848
120.013
119.931
119.906
119.356
119.993
119.425
119.441
119.996
119.917
119.47
118.464
120.023
119.984
120.022
119.934
120.107
120.065
120.102
120.116
120.038
120.017
120.029
120.055
120.082
120.061
120.028
120.036
120.033
120.016
120.074
120.05
120.026
120.033
120.06
120.053
120.027
120.066
120.048
120.042
120.038
120.113
120.087
120.029
120.122
120.043
120.044
120.041
120.036
120.021
119.683
119.643
117.554
119.002
120.027
119.925
120.022
120.014
40.467
120.042
118.892
119.555
120.063
119.971
120.057
119.894
119.869
119.937
120.053
119.49
120.067
119.632
120.043
120.028
120.031
120.077
120.081
120.069
120.019
120.016
120.002
120.061
120.006
120.031
120.029
120.111
120.063
120.023
120.018
120.045
120.073
120.049
120.001
119.999
120.046
120.018
120.04
120.076
62.078
4.309
120.014
85.832
52.887
15.474
2.979
32.831
19.072
3.123
14.078
30.224
120.045
79.364
31.597
119.905
120.105
120.326
120.108
120.133
119.695
119.252
117.159
119.4
119.895
120.131
120.052
119.946
120.028
119.9
120.12
119.341
119.707
120.156
120.067
120.058
120.025
120.071
91.186
120.019
120.083
120.11
120.098
120.043
120.095
120.053
120.028
120.042
120.036
120.078
120.035
120.168
120.057
120.04
120.021
120.072
2.223
23.888
120.055
120.047
120.054
120.037
120.022
120.103
120.114
120.083
120.081
120.128
120.028
120.04
120.03
120.066
120.014
118.682
118.579
119.923
118.087
120.027
120
119.947
120.022
119.986
119.735
120.012
120.061
120.041
120.01
119.824
119.995
120.049
119.612
120.017
120.023
120.005
120.032
120.119
120.04
9.688
16.489
6.285
25.859
3.717
16.029
0.796
2.974
2.493
7.522
11.393
20.533
120.114
88.002
36.817
20.858
120.059
120.046
120.082
120.073
120.049
120.075
120.127
120.014
120.049
120.132
120.034
120.066
120.01
120.016
120.091
120.049
120.054
120.036
120.051
120.037
120.037
120.084
120.025
120.028
120.098
120.099
120.047
120.025
120.079
119.317
119.309
118.907
119.926
119.897
120.046
119.236
119.97
120.094
120.027
120.043
2.585
120.002
33.433
120.03
120.016
120.003
120.011
120.022
1.953
120.083
120.003
120.025
120.004
120.001
120.018
119.984
120.002
120.024
120.021
120.031
120.002
120.057
119.98
120.018
119.987
120.006
120.012
120.042
120.008
119.358
119.98
120
120.001
119.997
119.982
119.971
119.979
119.994
119.579
117.342
0.206
0.806
0.570
2.558
0.556
8.793
0.215
0.889
0.956
1.049
1.946
1.538
119.203
1.776
5.632
0.670
120.001
1.378
21.857
15.934
120.002
6.257
34.938
5.087
0.797
120.014
119.994
35.139
0.850
1.432
120.029
2.364
0.518
0.733
1.968
120.005
7.570
120.048
1.921
49.869
28.937
120.093
120.061
2.264
120.029
120.03
0.452
120.016
120.015
10.481
120.001
120.011
120.018
120.013
119.997
70.075
120.017
18.301
120.041
119.996
120.046
120.085
120.019
120.005
120.046
120.044
120.026
120.021
120.046
120.012
120.003
120.045
120.029
120.033
119.764
118.676
120.013
120.032
120.012
120.047
120.024
120.064
120.026
120.033
119.998
119.991
120.034
120.032
120.071
120.013
120.011
120.056
120.008
120.024
120.04
0.176
1.615
0.430
5.496
0.229
1.300
0.412
1.211
0.589
10.623
1.090
1.752
120.071
0.624
1.058
119.945
120.039
53.369
31.132
120.041
120.158
120.054
120.053
12.041
1.553
68.796
120.03
33.244
10.922
2.940
120.059
5.926
103.833
4.736
120.028
120.041
23.942
120.065
4.054
37.868
120.078
120.051
120.069
2.617
120.12
100.688
24.749
120.05
120.052
120.028
120.025
120.043
120.014
120.058
120.016
120.014
120.018
120.029
31.381
120.058
120.061
120.009
120.056
120.053
120.022
120.063
120.039
120.017
120.032
9.083
120.085
120.021
120.031
120.049
120.029
120.038
120.007
120.042
120.003
120.013
120.02
120.024
120.014
119.726
119.951
119.912
120.12
120.031
119.862
119.996
120.016
120.007
120.005
120.005
119.992
119.908
119.538
119.999
120.002
119.925
119.985
120.002
120.01
120.01
120.029
119.988
120.018
119.996
119.999
119.979
120.028
120.036
120.083
120.058
120.07
120.056
120.018
119.997
120.004
120.028
120.089
120.02
120.026
120.04
120.08
120.019
120.03
120.06
120.049
120.071
120.004
120.042
120.049
120.028
120.098
120.074
119.15
119.185
119.46
119.79
119.96
120.063
120.04
120.005
120.044
120.026
120.089
120.06
120.05
120.085
120.014
119.971
41.968
120.026
119.278
119.929
120.037
119.854
120.038
63.957
120.013
120.019
120.005
120.05
10.331
120.026
120.051
31.402
120.02
80.53
120.03
0.462
120.012
120.037
120.022
120.006
120.017
119.977
120.003
120.029
120.016
4.220
50.715
120.01
120.007
120.167
120.03
52.170
119.959
119.512
84.689
119.999
119.347
76.082
75.079
71.613
32.201
119.994
92.589
120.06
119.985
2.774
119.976
120.037
119.224
36.756
119.799
119.155
119.809
120.071
120.008
119.318
120.01
119.999
120.069
120.021
120.027
120.045
120.016
120.032
120.033
120.037
120.068
120.005
120.033
120.067
120.048
120.058
120.053
120.038
120.041
120.104
120.032
120.064
120.02
120.046
120.007
120.079
120.08
120.013
120.062
120
119.982
42.435
120.021
120.07
120.053
120.051
120.084
120.025
120.038
120.099
120.056
119.969
38.570
119.915
119.721
118.794
119.4
119.829
120.022
119.938
120.032
119.763
119.596
120.005
120.074
120.015
119.753
119.179
120.026
119.905
120.02
120.012
120.002
120.018
120.019
120.039
120.072
120.031
119.95
71.105
120.019
120.004
120.074
119.993
120.01
119.994
120.004
120.001
120.054
120.055
120.012
120.008
119.972
120.076
120.064
120.091
120.097
120.126
120.029
120.098
68.81
120.054
120.128
120.093
120.096
120.018
120.083
120.082
120.036
120.046
120.058
120.073
120.038
118.113
117.693
119.655
120.065
120.051
120.152
120.073
119.88
120.095
120.046
120.127
120.042
120.035
119.97
120.04
120.024
120.058
120.038
120.017
119.836
57.902
120.044
120.006
110.342
120.035
120.011
120.005
119.995
120.017
23.055
14.110
16.277
85.858
56.394
120.024
33.451
120.005
119.979
58.754
56.104
74.491
120.036
120.022
67.989
119.996
66.959
120.009
120.024
48.663
26.689
6.825
119.992
120.002
120.011
120.02
120.002
119.971
119.96
120.003
119.978
119.984
119.996
11.155
119.982
119.983
119.975
119.971
120.042
119.098
118.651
5.539
119.838
120.02
120.01
120.027
120.001
120.079
120.022
119.991
119.934
120.016
120.016
120.031
120.012
120
120.06
120.027
120.016
120.091
120.04
120.021
120.023
120.036
120.109
120.031
120.091
120.051
120.083
120.051
120.053
120.021
119.998
120.042
120.033
120.014
120.034
120.069
14.952
120.011
120.023
120.002
120.066
120.028
120.023
120.04
120.019
120.014
120.02
119.824
119.75
3.355
119.719
118.748
120.035
120.028
120.029
120.047
120.001
120.013
119.973
119.732
119.957
119.96
120.002
119.998
119.817
119.323
119.964
119.967
120.041
120.004
119.663
120.006
120.068
120.093
119.904
119.796
118.53
119.683
118.874
119.967
119.906
119.975
119.958
119.897
119.917
119.886
119.954
119.782
119.89
119.95
119.92
120.013
119.356
120.035
120.047
120.013
111.384
116.379
119.191
119.017
119.583
117.815
119.314
119.411
113.807
120.022
120.05
39.929
119.436
119.947
119.786
119.395
69.372
119.515
119.129
119.522
119.224
118.294
119.48
118.606
14.455
117.212
119.958
120.065
117.266
120.06
120.067
119.827
120.087
87.394
119.994
119.44
120.11
118.986
120.01
119.959
119.947
119.805
119.921
119.941
120.067
120.085
119.772
120
119.925
119.825
119.981
119.865
119.861
120.027
119.965
119.967
119.323
119.981
120.05
119.374
120.077
119.924
119.308
119.373
119.258
119.382
119.695
119.78
119.987
119.987
119.69
118.773
115.783
119.01
119.35
119.623
119.29
119.417
118.418
119.74
120.007
119.286
116.737
119.999
119.996
120.096
120.138
120.175
120.045
119.626
120.031
120.043
120.082
120.156
120.16
120.083
120.123
120.19
120.129
120.116
120.092
120.198
118.906
119.522
118.369
118.453
119.29
118.231
119.984
119.24
120.057
118.665
119.746
116.726
119.975
120.024
119.676
119.751
113.161
112.045
119.986
117.281
119.297
118.591
117.943
119.641
119.558
22.237
118.409
119.279
1.857
120.144
119.931
119.413
118.678
119.459
119.666
119.589
119.688
119.763
118.744
120.029
118.205
116.904
119.138
119.986
116.482
119.865
119.596
112.839
119.837
119.868
119.866
120.032
120.026
119.838
119.825
120.036
119.965
120.015
120.02
119.915
120.015
119.997
120.028
120.005
119.448
120.129
119.834
119.957
107.352
120.009
120.082
120.025
120.061
120.091
119.992
120.039
120.028
119.69
119.07
119.22
118.653
119.404
119.809
118.656
119.853
118.971
119.613
119.917
119.679
119.64
119.141
119.701
119.538
115.886
117.009
119.168
120.084
115.864
117.517
120.162
120.09
119.309
119.96
118.232
120.085
120.12
119.653
120.101
37.960
120.089
120.013
120.04
120.028
120.031
120.025
119.998
120.021
119.773
120.106
120.099
118.834
120.007
120.019
120.152
120.061
120.009
120.075
120.072
120.092
119.982
119.996
120.029
120.071
120.022
115.504
114.825
117.435
119.965
119.434
119.557
118.899
118.301
119.74
119.881
120.004
119.947
119.827
119.842
119.151
119.846
117.397
114.403
119.718
119.315
119.451
119.288
120.103
114.824
119.461
120.072
118.316
119.478
120.039
119.992
120.016
119.97
120.149
120.034
120.016
120.016
120.099
120.07
120.176
118.894
120.038
118.434
119.98
120.071
120.027
120.033
120.033
120.208
120.185
120.06
120.126
120.075
120.026
120.085
120.1
120.044
120.05
120.101
120.049
120.088
120.077
119.955
118.994
118.633
118.56
119.446
119.685
119.149
120.098
119.052
120.108
118.622
119.833
119.807
119.517
114.705
118.842
119.624
118.525
116.712
115.628
117.144
118.724
119.945
120.057
119.663
119.8
119.943
120.039
119.786
118.873
120.061
9.018
120.029
120.033
120.032
120.03
120.09
45.725
120.044
120.022
120.029
120.062
120.015
117.205
56.628
120.013
12.608
120.11
120.08
120.098
120.108
120.076
120.079
120.057
120.034
120.046
120.057
120.061
120.099
120.067
119.475
115.55
120.153
119.281
119.748
119.314
118.329
118.535
119.252
120.054
120.035
120.122
120.149
119.708
119.255
107.998
116.801
118.908
118.881
118.683
114.43
120.061
118.28
118.558
119.116
119.994
120.047
119.373
114.902
119.913
119.895
20.457
119.932
38.382
119.968
120.023
119.987
119.034
119.935
119.323
119.819
120.019
120.052
120.042
120.05
120.02
119.993
120.031
120.035
120.031
120.014
120.073
120.001
120.029
120.037
120.031
30.858
119.942
120.007
120.055
119.813
119.323
118.971
118.341
117.574
118.929
119.237
119.838
119.652
85.907
119.625
119.386
119.488
119.172
119.176
117.461
119.562
118.756
119.746
116.81
118.134
118.445
118.975
120.009
120.019
120.059
120.108
119.968
120.021
119.98
120.042
120.083
120.026
120.107
120.065
120.036
120.05
120.098
120.059
119.014
120.127
120.073
120.024
120.329
120.024
120.047
120.054
120.068
120.03
120.117
120.079
119.16
118.53
119.531
119.071
119.925
119.054
119.935
117.755
118.901
88.602
119.1
119.398
119.739
120.011
120.103
120.09
120.054
119.958
119.862
119.072
117.013
118.564
118.892
119.244
39.798
119.184
120.017
117.739
117.601
74.608
119.701
119.768
120.031
120.006
118.943
118.594
119.978
118.413
119.617
120.044
119.925
120.072
53.007
119.965
119.975
120.053
120.054
120.144
120.113
120.079
119.982
120.059
120.035
120.008
120.064
114.9
120.087
120.078
119.967
120.221
119.967
120.048
120.055
119.135
120.08
119.848
120.09
119.14
119.217
118.856
119.683
119.462
118.885
119.987
120.078
120.023
119.654
118.419
119.854
118.293
119.404
119.388
116.185
119.763
114.526
119.61
119.339
1.290
78.734
119.182
117.968
116.399
120.023
119.291
119.528
119.353
119.625
119.921
119.962
120.057
118.435
110.074
119.914
119.49
119.576
120.065
120.042
95.759
119.969
118.488
120.088
120.083
119.771
119.636
119.775
119.697
118.949
119.924
119.731
119.827
120.016
9.381
81.271
119.761
119.978
118.219
119.797
13.868
119.325
118.241
118.517
119.137
119.397
119.992
120.049
120.035
119.642
119.591
119.232
118.46
119.827
119.552
119.858
119.125
47.844
119.568
116.885
114.334
117.536
120.07
120.033
120.018
120.049
120.175
120.063
120.023
120.078
120.086
120.016
120.133
120.077
120.031
120.106
117.176
120.027
120.081
120.113
4.336
118.951
4.657
120.069
120.081
120.093
120.149
120.105
120.018
119.136
120.145
120.02
120.063
120.072
120.085
16.500
119.174
119.755
118.587
119.597
119.442
119.43
9.352
119.251
119.56
119.925
119.682
119.892
119.78
76.794
117.789
119.587
119.499
107.918
116.798
118.011
116.288
119.397
119.845
116.792
117.211
116.228
119.746
120.106
119.991
111.786
120.007
119.726
120.013
119.845
119.921
119.918
119.921
119.327
119.801
119.411
119.775
119.918
120.023
120.046
120.034
120.046
119.922
119.973
119.261
120.058
120.047
120.075
120.12
120.118
120.14
120.152
119.423
118.675
117.083
120.055
118.974
117.187
117.22
119.5
115.931
118.206
119.946
118.341
120.032
119.898
119.757
119.792
119.412
119.232
118.135
119.133
119.71
118.139
119.649
117.349
118.699
118.042
119.942
120.033
120.054
120.039
119.832
82.576
112.082
119.988
120.039
119.954
6.073
99.477
119.752
59.579
48.419
28.791
40.046
119
119.947
51.057
112.322
119.894
119.869
64.364
119.84
16.377
119.571
5.532
43.666
117.529
118.146
119.602
119.378
22.597
119.758
120.065
119.134
117.406
119.525
119.659
119.494
119.744
119.993
119.01
119.28
119.123
117.62
118.044
119.089
119.567
119.695
117.812
120.051
118.626
118.997
119.916
119.836
118.611
118.815
116.149
116.514
119.49
119.615
120.045
112.443
44.981
10.839
43.684
38.516
9.719
4.417
7.390
4.463
119.977
8.098
24.753
117.15
78.681
10.358
119.305
3.754
22.355
119.802
119.821
67.987
4.112
1.529
120.015
119.997
120.007
9.269
11.877
20.989
2.533
17.038
28.068
4.012
17.438
50.122
15.450
8.987
15.905
119.937
2.760
57.627
7.905
119.938
119.938
114.901
119.875
119.976
71.696
52.007
119.981
119.945
119.978
120.016
119.994
120.002
67.965
120.038
119.855
119.975
10.365
119.873
119.816
119.812
119.856
119.825
119.751
119.934
120.025
120.059
119.946
120.028
119.929
119.999
120.03
120.02
77.357
107.599
100.506
119.948
87.247
32.185
14.334
119.966
120.029
120.074
105.334
118.245
119.995
120.01
119.63
119.916
119.934
120.02
120.013
120.014
119.999
119.997
120.003
119.915
119.909
119.997
119.913
119.985
119.842
119.792
119.999
119.915
119.956
119.915
119.933
119.998
17.926
119.489
119.515
119.578
118.127
111.987
111.048
9.288
74.705
120.012
120.043
120.053
112.292
101.974
113.596
64.696
102.63
10.427
111.619
115.03
107.787
108.487
119.659
119.548
119.598
119.478
119.627
119.781
118.671
107.271
119.982
119.973
114.071
105.221
120.046
119.136
119.929
120.006
120.087
119.93
119.832
119.977
120.16
120.015
120.03
119.855
119.982
119.879
119.797
120.204
120.016
120.06
119.955
119.971
119.961
119.974
120.023
120.026
120.019
120.034
120.024
119.956
56.232
114.049
114.478
115.002
59.615
103.444
119.982
119.83
118.29
103.451
110.31
119.741
119.841
112.423
115.114
119.879
119.727
119.788
111.236
119.738
119.843
119.926
119.961
119.942
119.898
119.89
119.987
119.978
119.818
120.098
120.149
119.715
119.768
119.563
120.019
120.056
119.913
119.845
119.912
92.057
120.091
119.876
120.121
83.781
120.127
120.046
120.047
120.036
113.582
119.878
119.942
120.044
119.915
120.01
120.128
119.975
119.989
119.776
112.821
115.837
119.816
119.691
115.869
119.55
120.046
63.537
120.089
114.903
116.428
117.956
106.636
107.392
110.246
113.479
117.37
118.254
114.04
120.01
119.283
115.862
118.035
119.401
42.103
120.002
120.024
120.071
119.485
99.428
118.141
120.028
119.978
119.972
119.978
119.909
119.945
119.807
119.862
119.723
119.97
120.095
120
120.001
119.862
119.883
119.793
119.952
120.084
120.064
119.999
120.077
119.997
120.022
120.015
120.036
120.033
120
119.173
114.619
114.548
119.398
113.62
115.05
112.92
109.218
119.973
114.036
120.015
118.943
116.352
110.424
111.508
109.241
117.527
119.875
119.834
119.799
119.889
119.948
120.004
118.315
120.052
120.032
119.938
120.021
115.395
119.362
120.083
119.944
119.604
119.996
119.902
119.598
119.421
120.007
119.889
119.973
119.824
120.044
119.942
119.997
120.037
120.03
120.078
120.006
119.878
119.954
119.887
120.016
119.995
119.931
120.002
119.997
119.973
119.583
116.996
113.303
113.737
119.269
119.289
116.195
118.673
119.902
108.784
119.705
119.439
114.024
108.631
111.637
117.237
117.729
104.483
119.196
120.025
120.094
120.071
120.027
120.018
120.096
117.23
119.959
120.028
120.037
119.968
116.312
114.675
120.025
120.018
120.126
120.09
119.932
120.059
120.038
120.029
120.148
120.173
120.048
120.035
120.076
120.048
120.016
120.001
120.034
119.962
119.892
119.968
119.996
120.025
120.042
119.988
120.029
119.983
119.959
119.908
5.899
118.487
112.641
111.788
119.333
118.397
111.58
119.254
115.733
119.96
119.993
85.449
120.006
119.122
112.024
120.042
120
120.06
119.944
119.918
119.998
107.186
105.531
117.656
106.401
109.036
118.42
101.821
120.058
119.836
120.02
120.1
120.097
120.056
15.783
119.911
112.309
120.037
119.924
120.045
120.096
69.847
119.898
119.988
119.998
120.067
120.253
119.952
119.972
119.965
120.039
119.389
120.041
119.954
119.843
120.037
119.89
119.778
119.936
119.831
120.021
7.606
113.866
116.402
37.279
115.102
119.984
79.513
118.191
0.250
30.774
119.861
45.507
111.659
0.224
7.035
3.784
120.004
7.995
119.934
119.929
119.919
119.99
119.835
119.946
119.827
119.752
119.927
119.949
119.976
119.956
119.999
119.999
119.905
119.425
120.009
120.018
120.013
120.027
120.022
120.014
120.007
120.027
119.99
120.01
120.024
119.968
119.958
119.965
119.994
119.971
119.301
119.943
120.008
120.013
120.008
120.019
120.002
119.962
119.971
119.973
119.958
119.823
119.822
120.003
120.022
120.036
120.026
119.9
120.007
119.922
119.924
119.864
119.747
119.957
2.242
21.494
0.820
33.407
2.547
10.984
119.964
0.419
7.330
102.432
88.716
18.728
1.147
1.192
0.227
119.943
2.202
119.696
119.789
36.374
21.989
119.737
33.031
45.658
119.875
119.92
119.976
33.660
119.939
120.01
119.899
119.957
118.89
120.022
119.946
119.978
120.007
40.656
8.474
119.987
16.770
120.017
119.994
120.006
103.07
119.885
31.540
119.942
119.669
120.105
47.141
119.665
120.026
114.956
120.028
9.890
70.911
119.97
119.954
119.94
31.839
120.031
119.91
27.380
119.994
119.977
120.001
85.468
119.997
119.54
25.780
3.530
3.924
16.871
9.376
119.977
119.979
119.918
119.912
1.608
119.932
119.949
119.992
119.959
5.776
55.594
48.393
119.924
119.981
119.858
119.777
119.741
119.983
119.983
119.947
75.922
119.94
119.838
119.02
119.928
119.985
120.076
110.986
119.986
38.989
120.017
119.972
120.06
120.046
120.02
84.639
120.023
24.018
120.01
120.017
120.151
120.012
119.998
119.929
119.967
119.883
120.005
119.938
120.024
120.037
120.026
120.066
120.074
119.889
120.028
120.012
120.017
119.976
119.94
119.926
119.909
120.025
119.967
120.1
119.971
120.124
119.994
119.973
120.007
120.022
86.746
119.967
119.596
119.995
5.814
3.939
119.966
119.992
119.941
6.968
119.929
30.963
15.926
119.954
119.994
15.058
4.289
2.004
0.215
4.094
119.954
33.582
30.018
20.439
3.660
119.017
3.558
24.136
9.367
0.469
119.362
120.013
120.001
119.987
119.971
3.523
119.888
119.706
10.439
108.798
20.326
119.852
17.161
1.173
1.133
119.988
0.402
1.134
2.145
5.939
119.946
35.685
120.108
2.520
16.244
120.044
120.044
119.998
1.913
120.094
119.982
0.667
120.088
78.375
119.849
119.938
119.977
119.989
120.014
80.763
29.140
120.007
25.046
120.001
19.452
3.152
89.52
120.01
120.029
10.108
44.217
18.121
28.560
119.985
120.004
119.969
119.985
119.924
119.926
119.997
119.678
119.974
119.879
119.919
119.873
119.882
119.761
119.803
119.914
119.782
119.975
119.928
119.945
119.961
119.891
119.877
35.066
119.864
13.526
119.924
120.004
120.032
120.025
120.002
119.831
120.021
119.992
119.908
120.013
119.99
119.954
119.982
119.974
120.017
119.908
119.961
120.004
120.038
120.042
120.071
120.017
119.985
119.988
120.131
15.730
119.884
120.041
119.994
52.029
83.059
7.953
120.094
119.944
97.536
3.187
120.073
120.031
120.016
55.423
38.074
120.003
120.009
120.045
119.948
119.931
119.96
119.982
119.977
119.995
119.979
119.953
119.99
119.972
119.954
120.002
119.964
120.04
119.864
119.977
119.979
120.043
65.636
119.958
119.934
119.906
119.964
119.963
119.975
120.021
120.007
120.02
120.013
119.234
119.978
120.04
120.025
120.014
120.019
120.027
120.031
120.015
120.047
120.047
119.954
120.056
120.056
120.046
120.035
120.201
120.063
120.04
119.966
119.999
120.023
120.019
119.813
120.024
120.034
119.889
120.009
70.34
3.753
0.485
118.76
120.016
120.031
7.930
13.059
72.761
2.631
119.968
120.027
119.957
120
119.982
120.02
119.983
68.629
119.647
119.964
119.976
120.023
120.025
120.099
120.023
120.06
119.991
119.764
120.035
119.997
120.044
120.116
119.565
119.306
119.977
120.147
120.013
120.019
120.033
120.05
120.05
119.969
120.012
120.005
120.002
119.94
119.988
120.028
119.994
120.021
119.999
120.025
120.038
120.08
120.048
120.072
120.031
119.981
119.974
120.061
119.99
120.034
120.062
120.104
120.016
120.023
120.023
119.996
119.981
0.349
119.998
120.061
120.012
119.997
3.136
32.878
119.969
120.011
119.883
119.841
119.83
119.882
120.004
119.969
119.986
119.888
119.951
119.93
119.5
119.857
120.022
120.031
119.976
119.974
119.987
120.042
119.97
120.025
120.053
120.035
119.983
120.025
119.952
119.952
119.994
120.024
120.025
120.163
116.756
119.996
119.957
119.993
93.682
120.01
120.03
120.015
120.058
120.024
120.049
120.017
120.072
120.021
120.027
120.054
120.054
119.929
120.027
119.999
120.016
120.06
120.097
120.056
120.117
119.89
119.801
54.266
69.227
119.937
119.944
20.073
4.023
3.034
27.847
119.991
120.021
119.732
119.843
119.158
119.639
119.439
119.472
119.904
119.862
119.815
119.186
119.839
119.683
120.004
119.92
119.864
119.783
119.954
119.975
120.032
120.031
120.01
119.997
120.036
119.999
119.991
120.019
119.981
120.031
13.896
3.965
120.041
11.468
119.742
41.689
120.031
120.059
119.954
120.006
4.896
1.655
119.99
120.044
119.986
17.939
120.039
120.044
119.895
120.088
119.993
119.989
120.025
119.924
119.901
119.951
119.953
119.993
0.139
0.456
1.716
10.438
1.593
0.314
1.359
119.988
3.357
23.661
61.631
38.422
119.991
119.853
8.801
14.973
13.644
92.905
119.839
97.329
92.202
119.921
12.670
119.864
38.705
119.975
120.001
119.914
120
120.044
1.476
4.754
4.689
120.106
119.976
119.972
119.995
119.967
1.623
119.887
120.066
119.981
4.613
119.816
119.996
45.917
119.939
19.567
119.971
120.004
120.011
119.999
43.009
119.988
119.969
42.457
120.022
78.93
15.727
120.023
110.387
119.996
54.482
9.969
20.231
119.957
120.017
12.633
31.614
8.983
25.970
119.942
110.918
119.939
119.81
119.959
119.935
119.488
119.858
119.996
119.959
119.949
119.949
119.977
119.81
120.056
119.947
119.994
119.96
120.026
119.938
119.98
120.11
119.997
120.013
120.014
120.022
120.022
120.006
119.916
120.046
119.882
120.092
120.066
119.931
119.968
120.014
120.026
119.908
119.926
120.057
119.994
119.999
119.979
119.907
119.881
119.89
119.91
119.974
119.903
120.046
119.811
120.005
120.009
120.056
119.942
119.989
119.981
119.978
120.009
0.644
3.152
18.036
119.961
119.989
119.96
119.806
120.012
119.994
119.996
120.018
120.062
119.942
120.05
120.012
120.005
120.035
120.001
120.088
114.407
120.007
119.996
120.071
120.066
119.426
120.014
120.048
119.981
119.525
10.533
119.967
120.013
120.017
120.029
120.025
119.917
119.878
120.039
120.019
120.002
120.034
120.061
120.023
120.036
119.875
119.954
120.022
120.072
120.012
119.988
120.07
119.705
120.008
120.065
119.999
120.035
120.018
120.07
120.066
120.012
120.017
120.008
12.190
27.744
119.914
58.169
119.995
120.031
119.962
119.965
119.997
120.011
119.996
119.934
119.926
119.985
120.005
119.992
120.003
119.829
119.831
47.437
119.816
119.9
119.777
120.01
120.043
120.024
119.998
120.017
120.01
119.94
119.992
119.965
119.986
120.053
119.909
120.055
120.055
119.974
119.992
84.48
120.129
119.991
119.984
120.051
120.017
119.997
120.01
120.046
119.993
119.988
120.008
120.031
119.977
120
120.025
119.975
120.021
120.04
119.953
119.974
45.831
119.982
0.507
119.989
120.014
119.994
56.023
9.930
119.954
94.996
119.784
86.694
1.219
1.406
22.384
119.965
119.946
119.97
119.94
119.48
2.698
119.954
64.701
119.962
119.941
120.01
120
119.933
119.85
119.986
58.026
119.981
119.977
119.991
120.008
77.096
20.729
120.016
42.858
40.268
8.616
120.051
119.487
21.067
119.622
53.201
120.062
120.034
120.06
119.986
21.784
120.067
120.013
13.523
119.902
75.179
119.952
120.002
119.789
37.754
26.534
119.991
120.004
2.139
5.483
1.150
43.879
10.147
34.308
10.199
107.703
64.109
26.057
109.307
22.481
119.835
40.744
6.208
9.514
119.97
39.681
39.661
119.852
119.986
119.995
81.635
119.895
12.799
42.700
119.85
3.944
115.073
10.899
13.746
120.002
35.687
14.081
119.986
119.934
28.259
2.439
50.185
119.999
12.784
119.498
26.209
119.82
119.919
119.984
119.903
28.052
120.01
120.03
18.963
97.296
13.247
2.767
53.095
119.927
9.614
1.293
0.181
1.430
0.959
120.084
6.480
119.568
119.893
119.9
39.270
119.916
119.914
119.816
119.933
119.927
119.947
119.889
119.975
120.02
120.044
119.987
119.841
119.981
120.107
120.014
119.183
120.04
2.097
119.971
22.300
119.964
119.651
119.961
119.992
119.982
119.987
120.009
119.981
120.017
119.982
119.977
120.001
119.891
120.038
119.978
119.82
119.935
120.085
120.03
120.006
120.045
120.017
120.01
119.989
120.026
80.788
120.001
120.052
119.888
119.971
119.999
119.953
119.992
20.012
119.999
119.957
119.892
119.827
119.855
119.833
119.87
119.839
119.974
119.997
119.99
119.974
120.03
119.976
119.96
119.669
120.037
120.084
119.967
120.015
120.049
119.991
119.999
119.961
120.022
120.032
120.02
119.918
120.005
27.100
120.031
119.95
119.919
6.774
119.944
119.877
31.441
119.864
49.304
119.983
120.001
120.001
119.653
72.374
120.015
119.995
78.515
119.987
120.047
119.992
120.036
120.015
120.01
119.911
119.778
119.972
120.136
119.96
119.982
120.002
120.006
119.94
120.001
119.248
119.859
119.861
119.821
119.857
119.947
119.978
119.979
120.011
119.955
119.925
120.057
119.969
120.066
119.681
120.023
120.034
120.014
120.055
120.021
120.037
120.035
120.027
120.066
120.084
120.036
120.031
120.112
120.025
120.112
120.041
120.031
120.145
120.013
120.058
120.039
120.023
120.017
120.03
120.068
120.085
120.04
119.986
119.945
120.005
120.052
119.857
119.939
119.982
119.955
119.943
119.982
120.019
119.982
120.014
120.001
119.973
119.989
119.985
119.999
119.983
119.999
120.062
119.89
119.661
119.988
120.073
120.046
119.939
119.94
119.999
119.962
119.924
120.025
120.052
119.821
119.973
119.971
119.931
120.017
120.097
120.026
120.007
120.017
120.031
120.06
120.054
119.795
120.008
120.006
120.015
120.044
120.035
119.981
119.992
119.996
119.986
119.99
120.009
120.084
120.002
120.061
119.976
119.974
119.983
119.954
23.961
0.463
119.813
119.861
0.500
0.351
20.366
91.097
51.751
6.623
58.775
0.152
24.760
119.791
27.049
119.964
119.924
119.888
119.994
12.800
14.799
34.418
13.015
119.948
5.485
2.899
31.790
8.175
1.651
119.982
119.887
2.703
5.496
31.374
73.718
21.682
22.129
6.823
115.588
24.081
119.901
10.772
3.439
119.926
119.933
20.398
119.854
119.867
52.837
119.209
119.985
119.911
119.977
85.127
4.766
4.899
6.435
119.894
6.151
4.882
18.284
119.909
2.421
5.967
0.430
19.986
98.104
25.292
14.946
119.962
119.821
119.968
119.921
119.91
119.856
119.92
119.929
119.717
119.756
3.134
119.911
118.965
5.252
119.9
119.655
52.238
17.641
119.972
101.51
119.395
119.779
5.698
0.519
118.66
119.983
119.872
2.105
120.003
119.878
119.868
119.703
119.138
20.085
119.776
119.992
119.982
119.312
119.988
119.966
8.500
19.136
55.565
1.321
55.061
3.814
5.658
119.82
11.864
119.951
119.798
4.759
14.171
119.881
119.906
119.949
55.403
119.978
119.879
118.663
119.955
116.974
112.514
10.803
18.131
22.075
2.301
120
119.108
20.199
5.412
119.948
119.889
115.984
37.603
15.001
119.638
119.9
119.973
89.326
87.416
120.013
119.946
76.136
119.991
119.997
119.934
119.941
119.983
119.796
119.982
119.911
119.848
119.822
119.861
119.929
119.801
119.954
119.936
119.832
74.167
119.993
119.794
22.430
119.815
119.928
119.935
120.009
120.036
12.460
120.004
43.539
119.872
119.977
119.981
14.059
120.013
8.929
1.396
120.028
120.015
45.771
3.172
45.740
119.998
40.993
119.998
8.272
11.580
119.944
120.043
120.057
1.767
120.068
120.023
24.958
119.981
119.972
119.906
119.897
119.957
120.058
120.018
120.01
119.926
119.905
10.485
4.549
7.810
119.952
119.929
11.941
5.558
23.630
119.941
7.466
120.018
119.996
119.996
119.986
90.892
120.033
120.076
57.474
119.997
120.002
5.560
120
54.679
1.753
119.993
65.909
7.635
2.680
119.961
119.254
119.892
119.876
4.837
31.665
119.96
120.024
78.123
3.294
120.041
119.997
3.135
119.992
120.084
119.984
120.028
119.872
119.883
119.992
119.997
58.751
0.915
3.837
119.884
119.921
83.683
97.685
10.239
40.628
18.271
7.877
40.486
119.941
119.978
120.001
80.377
26.823
118.468
6.072
119.841
48.722
19.178
82.701
4.618
0.928
119.98
38.650
1.449
3.361
119.97
74.344
40.789
119.998
5.507
56.397
120.071
120.003
32.425
2.738
120.142
106.62
12.243
119.92
119.977
4.683
119.971
120.017
119.982
79.422
6.836
18.315
2.352
3.584
29.567
14.052
34.808
0.395
18.654
119.838
1.360
14.523
119.63
119.868
119.995
9.436
5.413
2.568
19.411
119.836
4.328
10.513
105.24
1.852
1.011
119.942
7.096
0.949
1.591
30.493
20.270
2.297
120.001
0.566
22.201
119.751
120.046
23.656
0.692
119.546
120.005
11.819
119.988
119.931
119.976
120.01
120.001
119.977
119.983
119.845
65.541
1.157
119.95
119.937
77.89
68.635
35.179
119.952
14.248
119.992
119.986
120.048
119.899
94.196
119.86
119.987
72.203
119.917
119.978
78.568
42.341
0.291
0.485
119.961
2.308
3.642
5.689
18.012
106.211
31.734
120.004
3.229
20.919
26.574
77.698
9.989
0.860
120.013
119.982
8.053
119.867
120.017
120.028
119.89
119.93
119.949
119.98
56.085
119.952
69.285
119.911
119.857
45.163
14.832
119.744
88.124
119.983
120.013
120.013
119.87
95.619
119.934
119.939
119.928
116.791
120.003
0.796
58.154
6.974
4.131
120.02
119.972
1.966
12.426
119.982
120.011
119.823
120.057
2.223
19.166
119.811
120.029
119.898
2.343
119.985
120.012
118.752
120.033
120.003
119.881
119.943
119.923
119.911
119.848
119.928
108.087
17.096
7.276
119.971
119.858
10.968
119.814
120.006
119.998
120.003
120.001
119.992
117.578
119.684
119.993
117.74
119.954
117.121
119.931
102.332
4.258
120.027
119.94
52.856
35.189
120.008
24.822
116.872
120.119
3.761
3.211
119.991
119.997
119.823
3.927
120.022
119.9
119.483
119.91
119.974
119.891
120.009
119.993
120.013
119.953
119.907
119.925
0.738
35.944
12.697
16.312
119.065
119.992
119.973
119.985
119.962
12.532
107.019
119.996
119.884
119.845
119.944
6.725
51.456
119.98
3.141
119.984
119.98
50.439
46.635
119.969
120.004
119.993
53.180
7.398
2.661
69.047
119.872
119.927
0.474
119.949
120.023
119.459
120.016
119.967
119.915
120.008
120.024
119.991
119.978
119.839
119.948
7.169
40.390
23.142
6.815
119.885
119.943
119.958
119.968
120.001
119.227
119.964
119.711
118.798
119.932
9.545
120.036
82.223
2.951
119.92
119.867
46.034
8.057
119.993
102.445
116.367
119.869
14.213
0.957
119.974
120.034
120.005
4.028
120.006
119.997
45.226
119.769
119.965
67.159
119.941
119.97
120.005
119.995
119.944
119.917
119.984
119.911
113.258
120.075
119.953
118.656
120.08
119.999
119.666
120.025
120.017
119.95
119.995
119.958
119.995
120.088
65.321
120.08
120.011
120.112
120.192
120.003
120.072
120.023
120.046
120.051
120.106
120.068
120.041
120.066
120.023
120.09
119.953
120.088
120.046
119.936
119.995
119.931
120.045
119.93
119.509
120.022
119.959
109.271
37.279
119.986
119.975
119.986
119.99
13.667
8.826
119.937
6.799
119.913
29.875
36.573
119.967
29.680
6.049
119.99
119.954
5.446
1.506
46.893
119.97
2.622
83.459
3.405
16.737
119.939
120.014
119.966
2.590
120.013
119.94
41.809
119.942
21.449
24.005
119.998
33.608
51.967
119.934
22.606
5.700
119.838
45.286
119.918
119.846
119.96
120.003
119.825
119.979
119.947
119.981
119.97
21.356
62.814
2.007
2.153
120.019
119.972
20.136
5.100
71.807
119.999
119.918
119.975
2.739
4.342
119.968
119.401
119.964
7.033
119.974
119.961
21.881
119.984
119.842
119.914
120.001
119.966
120.018
119.957
119.941
119.758
119.934
119.881
119.989
44.806
36.650
18.829
63.992
3.528
57.942
7.439
3.832
2.275
23.294
1.580
119.897
67.688
3.818
3.827
7.997
119.817
5.231
32.555
7.354
119.102
119.898
119.979
22.409
0.240
60.665
119.795
3.937
120.125
1.115
3.065
119.896
119.856
84.693
6.566
5.832
6.570
119.938
119.898
119.988
120.025
119.998
120.045
120.043
119.939
119.955
119.832
120.022
120.029
119.976
120.044
120.001
120.005
119.998
119.924
120.006
120.127
120.058
120.084
120.027
119.849
120.001
120.035
120.038
119.927
120.109
119.994
120.017
120.039
119.978
120.032
120.024
120.009
120.056
120.056
119.97
119.914
119.957
119.975
97.902
27.630
120.003
120.053
120.048
120.018
119.959
120.065
120.006
120.066
120.009
120.092
42.147
119.914
119.124
120.047
120.073
120.086
120.087
120.051
120.09
120.008
120.087
120.107
120.123
119.971
120.014
120.152
120.039
120.031
120.067
120.062
120.05
120.026
119.976
119.941
43.151
119.931
4.595
40.572
6.214
119.91
13.986
119.839
101.867
97.059
119.926
119.908
119.999
46.984
120.068
119.966
119.953
119.997
47.834
120.036
120.042
120.059
120.012
120.103
120.107
120.052
103.577
120.041
119.986
120.013
120.027
120.038
120.01
120.081
119.985
120.037
120.059
107.016
120.028
119.993
120.015
119.828
120.032
120.063
119.946
120.057
120.077
120.009
120.081
120.07
120.1
120.028
119.954
120.13
120.021
120.019
120.066
120.058
120.127
120.025
120.017
119.981
83.774
120.013
119.692
120.01
119.988
120.125
120.114
120.031
120.029
120.027
20.274
119.966
8.660
119.992
119.913
119.928
119.958
119.979
119.979
120.05
119.965
119.879
119.878
119.973
119.975
120.059
120.024
119.991
119.963
120
120.079
120.095
120.047
120.05
119.865
119.959
119.982
120.082
120.009
120.016
120.034
120.127
120.021
120.055
119.999
28.516
44.575
119.991
119.978
70.781
119.99
18.781
120.057
119.942
112.852
120
119.979
120.023
120.097
110.524
120.021
119.93
119.92
120.031
120.074
120.035
120.021
120.088
120.014
26.945
120.02
120.053
120.031
120.039
120.038
119.987
120.005
120.016
119.971
65.852
99.34
119.99
119.945
119.877
119.99
119.984
120.123
119.983
119.99
120.006
120.061
120.042
119.882
119.938
81.337
120.006
120.09
120.06
120.064
120.089
120.087
120.018
40.843
119.998
119.872
119.879
119.309
120.092
120.094
120.026
120.029
119.998
119.998
119.913
119.869
120.033
91.763
23.838
120.028
120.052
120.169
120.018
119.987
120.062
120.008
120.106
107.376
97.34
120.008
119.975
119.989
120.008
120.007
119.875
26.025
119.987
120.015
120.019
120.024
120.019
61.041
119.948
119.751
46.827
119.993
120.014
119.998
5.946
2.407
120.047
111.533
64.956
18.122
120.122
14.396
0.535
119.989
9.800
14.538
120.062
119.963
120.231
8.021
120.087
120.097
3.445
119.982
120.019
119.987
120.011
120.02
119.931
119.95
120.05
119.823
93.951
119.974
33.566
4.045
120.069
120.038
119.945
73.567
120.029
120.035
120.005
120.034
120.005
69.781
119.874
120.008
120.055
120.072
119.947
119.787
104.547
120.068
119.795
119.889
119.994
120.008
119.9
119.852
119.896
119.869
119.973
119.986
119.925
119.884
120.026
120.031
120.025
120.177
120.069
120.144
120.04
120.14
120.006
120.029
120.054
120.014
120.042
120.008
119.739
119.868
120.039
120.195
120.042
120.028
120.095
119.991
119.969
119.995
119.986
7.336
0.480
120.07
120.022
1.976
119.984
120.066
120.077
119.969
120.011
6.288
8.908
119.995
120.004
120.004
25.938
32.025
119.874
11.079
120.143
119.942
120.017
120.047
120.055
120.025
120.009
119.966
120.04
0.982
120.06
120.025
7.482
120.016
120.116
120.034
67.777
27.609
29.732
13.477
83.532
120.01
24.736
120.013
108.902
120.065
50.058
120.048
119.743
119.901
120.017
120.052
120.041
120.011
119.991
119.992
120.092
1.602
1.165
13.152
17.231
119.96
9.714
2.904
2.073
6.909
119.995
120.063
0.350
119.851
3.926
12.534
3.425
119.954
120.008
13.373
120.025
120.023
120.031
97.435
119.998
119.988
120.084
120.012
120.018
120.067
120.141
119.61
119.619
120.003
120.145
120.09
120.181
120.108
120.036
120.125
120.046
120.044
120.146
119.984
120.022
120.111
120.107
120.052
120.013
120.033
119.953
120.03
119.959
72.523
119.987
3.919
5.791
37.178
32.148
119.963
120.042
120.034
38.465
120.013
119.977
120.003
119.961
119.993
120.071
120.025
120.023
120.017
119.911
119.944
120.046
79.584
119.946
120.046
120.021
35.931
12.734
3.230
119.828
120.037
18.149
120.005
69.619
120.034
1.604
120.014
119.905
119.781
119.931
119.899
119.974
120.004
119.999
120.044
120.131
51.456
120.031
33.466
77.907
9.997
120.002
119.608
1.279
120
64.332
120.009
1.026
120.023
120
35.334
119.928
120.041
21.110
120.055
118.428
120.012
120.1
102.608
120.093
119.944
29.808
119.96
120.115
119.971
119.997
120.063
120.008
30.409
119.711
120.059
119.999
120.136
120.041
119.985
120.03
120.012
119.85
3.089
119.775
66.888
120.018
119.834
120.094
120.076
120.041
120.1
120.066
119.995
120.057
119.98
120.018
120.032
120.104
120.031
119.967
119.987
120.019
28.622
15.574
20.486
120.08
120.056
34.259
120.015
120.085
120.016
4.458
119.993
119.989
119.979
120.014
119.85
119.774
120.009
120.003
119.936
1.568
55.282
120.054
120.051
120.095
120.012
120.116
120.235
1.995
118.886
120.106
120.018
120.106
120.084
120.041
120.031
120.054
119.901
119.483
7.461
120.045
23.253
119.916
48.157
119.995
2.110
120.007
119.964
119.938
119.913
120.034
119.717
119.982
119.988
120.005
120.011
120.041
120.001
115.705
120.079
119.911
2.009
119.915
119.997
119.938
120.024
120.088
120.028
120.048
120.061
120.02
120.134
120.106
119.976
120.044
119.972
65.407
119.997
120.024
120.07
119.956
119.845
119.979
119.913
119.948
119.859
119.972
119.888
120.06
120.012
120.082
120.098
120.043
120.081
120.027
120.04
120.078
119.949
119.947
120.061
119.98
120.123
120.002
13.604
119.989
119.953
120.074
120.029
120.138
120.071
120.17
120.037
120.006
30.057
120.021
24.804
120.023
120
120.022
120.056
120.026
119.914
120.008
120.011
120.08
120.06
7.090
120.115
119.987
119.812
120.112
120.177
120.105
120.182
120.018
118.789
16.655
120.003
119.972
120.029
120.104
120.055
119.998
120.002
119.969
120.035
119.96
119.922
119.988
119.931
119.975
7.710
120.031
120.012
119.985
119.589
8.246
119.43
120.018
58.816
119.969
59.513
36.928
40.838
11.341
119.872
2.887
101.73
119.971
1.394
51.119
120.051
1.916
103.763
3.438
26.680
120.058
119.997
119.983
119.841
20.455
120.056
120.084
120
120.003
108.432
1.029
3.389
46.929
29.221
2.275
