0.648
5.299
0.400
0.793
0.653
0.774
0.921
0.153
1.363
0.614
0.436
0.417
1.114
0.525
0.485
0.425
0.308
0.428
0.357
119.898
10.754
119.968
19.668
119.714
120.023
119.921
54.317
119.902
119.98
23.634
120.07
119.941
120.021
119.957
119.368
120.013
119.957
76.902
120.086
119.924
78.02
119.824
119.875
119.969
119.981
2.690
16.079
119.591
118.091
119.988
119.964
119.727
47.592
119.814
119.673
119.975
14.271
119.963
120.041
120.064
119.856
119.537
14.083
119.588
119.837
119.774
119.448
120.037
119.838
120.024
119.601
119.933
120.04
119.895
119.979
119.991
119.951
120.083
120.06
119.999
119.953
119.962
119.937
119.88
119.939
119.865
119.296
119.903
119.903
120.006
119.874
118.968
119.997
119.948
119.953
120.002
119.574
119.5
119.989
120.012
119.503
120.005
119.913
118.593
119.971
119.912
119.961
29.088
118.843
119.96
69.57
119.711
119.975
119.791
119.939
119.972
119.606
120.001
119.737
119.684
119.796
119.941
118.799
119.774
119.937
119.227
120.015
119.848
119.59
119.613
119.991
119.898
119.876
120.02
119.824
119.892
0.200
0.293
4.174
0.175
8.252
0.313
0.181
119.881
120.023
119.724
75.189
76.416
120.013
120.031
52.720
119.964
2.347
2.050
0.263
2.340
0.685
1.753
0.732
1.265
0.165
6.526
0.194
0.412
0.459
2.030
0.385
1.659
2.160
0.356
120.133
119.946
119.966
119.979
119.391
120.032
119.48
119.857
120.061
119.958
120.011
119.451
119.767
119.983
120.044
120.024
120.117
120.061
120.016
120.12
119.993
119.607
119.784
119.969
16.900
120.003
115.748
120
119.983
30.773
119.86
119.858
119.963
119.891
120.007
119.549
119.952
119.969
119.715
119.902
119.488
119.598
119.859
119.803
119.952
120.009
120.013
119.963
120.021
119.835
119.669
119.76
119.74
119.851
119.928
119.903
119.76
119.786
119.99
120.032
120.002
118.761
120.003
119.883
119.458
119.969
119.928
119.876
119.697
119.866
120.005
119.971
119.522
119.978
119.602
119.921
119.739
119.161
119.183
119.46
118.753
119.717
119.957
119.854
119.971
119.989
119.995
119.806
7.023
120.019
119.915
119.907
119.996
119.995
120.034
119.904
119.819
120.006
119.438
119.949
119.51
120.004
119.921
119.99
119.895
119.995
119.882
120.019
119.959
119.929
119.799
120.008
119.764
119.973
119.854
120.002
118.756
0.667
0.925
97.117
0.192
3.431
0.682
0.467
120.012
119.955
119.926
119.851
120.249
120.042
119.902
119.769
119.944
0.614
3.682
15.577
0.840
2.880
0.331
8.229
0.675
9.303
0.842
3.122
1.596
17.200
1.780
1.770
9.870
3.182
119.786
119.911
119.246
73.221
119.864
119.77
119.966
119.936
119.497
119.744
119.777
119.988
120.076
119.704
120.044
120.011
120.065
119.932
119.835
120.001
119.963
119.92
119.856
119.827
119.825
118.714
16.916
120.019
119.315
119.986
119.906
120.035
119.898
119.954
119.792
119.873
119.814
119.967
120.009
119.871
119.93
120.069
120.042
119.709
119.813
119.998
119.779
119.997
120.067
119.806
120.032
120.055
120.033
120.046
120.041
120.013
120.039
120.054
120.098
120.045
119.991
120.017
120.024
119.917
119.917
119.66
119.986
119.985
120.019
119.92
119.995
120.04
119.804
119.936
119.965
119.983
120.02
120.042
120.004
120.008
119.891
119.932
120.044
120.017
119.988
119.986
119.991
120.002
120.007
120.016
119.97
120.018
120.023
120.014
119.99
119.982
119.987
120.009
120.018
119.988
119.983
119.961
119.364
120.016
119.995
120.025
120.038
118.249
119.975
119.952
118.724
119.93
119.967
120
120.05
120.014
120.031
1.386
2.813
120.023
0.541
120.026
27.637
1.523
120.128
120.059
120.122
119.222
120.057
119.967
120.07
120.006
120.029
2.575
26.720
0.711
1.293
0.269
4.492
2.042
1.849
0.997
10.025
2.743
2.192
1.820
1.984
1.516
5.826
119.911
29.867
119.993
71.411
120.057
120.062
120.071
119.994
120.072
120.083
120.128
119.969
119.533
119.925
120.029
120.003
119.93
119.859
120.062
118.986
120.008
96.572
119.956
119.588
119.95
119.975
22.763
119.99
21.502
119.76
120.011
119.984
119.968
119.64
119.967
119.992
119.976
119.977
120.003
120.008
120.024
120.069
120.069
119.98
113.571
117.097
119.026
119.932
120.021
120.074
120.038
120.04
119.972
119.989
119.656
120.027
120.032
120.049
120.016
120.014
119.98
120.03
120.03
119.997
120.049
119.949
119.93
119.914
119.955
119.935
120.012
120.023
119.991
120.024
119.965
120.008
119.882
119.996
119.985
120.003
120.007
119.993
120.018
119.364
119.99
119.374
119.986
119.907
119.839
120.023
119.946
119.786
119.997
119.735
120.002
120.012
119.995
120.053
120.001
119.934
119.91
120.083
120.075
119.986
119.978
120.017
119.984
120.015
119.509
119.73
119.925
119.991
119.95
120.008
120.006
120.008
119.773
0.276
0.807
36.947
1.560
23.698
0.944
0.388
120.022
120.053
120.065
48.376
48.535
109.717
120.199
120.109
120.023
13.355
3.266
0.725
0.487
11.134
0.534
8.230
0.177
0.409
0.934
1.941
0.273
7.287
4.080
1.305
119.079
120.009
116.388
120.011
113.896
120.065
119.96
120.01
120.047
119.929
120.067
120.119
120.068
119.908
119.757
116.722
120.015
120.014
120.044
120.049
119.76
119.89
119.963
119.936
119.992
119.97
6.869
120.029
80.711
71.674
120.007
120.006
119.975
119.992
119.997
120.018
120.01
9.121
119.851
119.565
120.059
120.058
120.002
119.993
119.972
120.019
119.834
119.8
120.043
119.981
120.006
120.038
119.98
120.005
115.972
120.048
120.078
120.044
120.02
119.96
120.007
119.988
119.943
119.961
120.006
120.005
119.016
119.995
119.95
119.915
119.516
119.96
120.053
120.021
119.745
120.001
119.996
119.948
119.696
119.675
119.974
119.982
119.954
120.005
119.896
119.634
119.559
119.713
119.837
119.883
119.871
120.002
119.993
120.009
120.011
119.966
119.989
119.971
119.998
119.739
119.925
119.985
119.964
120.006
119.937
119.979
120.063
120.034
120.001
120.005
120.01
119.993
120.028
119.555
120.03
118.064
120.009
3.121
2.815
120.033
1.794
40.303
3.054
2.104
119.996
120.028
119.967
120.1
120.002
119.684
119.435
119.755
118.624
0.268
1.523
2.428
20.654
9.825
0.755
1.375
1.943
4.354
1.471
2.076
0.832
1.008
3.134
119.808
118.931
119.991
23.316
119.756
119.983
119.94
120.058
120.091
120.052
120.493
120.045
120.002
120.015
120.039
119.927
120.175
119.979
119.994
120.267
119.941
119.936
119.97
119.96
119.966
120
119.94
120.006
119.967
119.946
116.43
119.994
119.954
119.922
120.007
119.984
119.948
119.961
119.987
120.014
120.056
120.043
120.063
120.017
120.042
120.03
120.057
120.072
120.024
120.033
120.137
120.019
120.011
119.788
120.086
120.008
119.89
120.038
120.059
119.756
119.997
120.021
119.952
119.839
120.003
120.016
119.848
120.013
120.021
120.008
119.955
119.958
120.017
120.02
119.921
119.973
120.034
119.987
119.967
119.989
120.019
120.031
119.994
102.115
120.001
119.967
119.958
120.003
119.949
119.983
119.783
119.513
120.009
119.482
119.848
119.491
119.968
119.134
118.572
119.245
119.766
119.702
119.94
119.951
119.998
119.902
120.029
119.964
119.845
119.916
119.901
119.952
119.484
119.498
119.901
119.765
118.501
10.981
4.220
119.914
16.653
119.944
30.107
36.933
120.058
119.767
119.97
119.813
119.76
120.078
119.895
119.972
119.887
0.161
0.405
1.404
1.115
2.369
0.299
0.943
0.774
0.644
0.736
0.383
0.215
0.294
120.014
79.537
120.028
1.136
119.818
120.059
29.431
119.979
119.917
119.721
11.917
119.832
119.955
119.749
119.352
98.575
119.993
119.792
119.815
70.203
119.672
119.872
119.974
119.745
119.851
119.899
4.274
35.381
117.739
16.551
119.98
119.38
119.268
119.006
119.671
119.508
119.453
117.811
117.725
119.229
119.166
119.844
119.407
10.915
119.2
119.863
119.767
120.016
120.014
120.024
119.998
119.696
120.007
119.981
120.047
119.097
119.916
119.453
120.011
119.948
119.104
119.803
119.297
119.705
119.79
119.851
119.828
118.289
119.993
119.999
119.842
120.004
120.016
119.606
119.996
119.944
119.934
120.001
119.684
116.747
117.239
119.651
112.788
34.127
20.125
103.635
118.298
4.542
112.072
115.383
112.333
109.275
50.695
115.039
118.953
113.832
119.106
113.903
118.749
119.33
115.331
115.534
101.172
115.086
116.019
118.105
112.356
111.007
111.82
115.103
111.502
116.523
111.821
110.255
117.889
114.845
116.226
0.823
0.784
7.372
0.174
0.456
4.421
0.247
116.256
118.98
25.221
119.91
120.047
57.614
57.837
119.797
120.093
0.773
4.233
3.889
7.782
0.455
1.895
4.549
0.936
1.768
5.228
0.921
0.847
119.953
119.986
119.999
111.208
119.993
120.052
119.912
120.046
120.037
119.891
120.075
119.876
119.785
119.79
120.001
119.891
119.474
119.693
119.975
119.777
118.844
118.946
119.868
119.819
118.712
118.715
119.937
120.004
119.995
120.021
119.981
119.772
120.001
119.963
120.003
120.017
119.993
119.966
120.001
119.694
119.794
119.836
119.877
119.918
120.021
119.708
119.981
119.079
119.927
119.848
120.027
119.45
119.985
119.941
119.986
119.823
119.161
119.119
119.633
119.677
119.648
119.819
119.755
119.859
119.74
119.847
119.902
119.88
119.797
119.843
119.653
119.181
119.502
119.678
119.87
120.013
119.978
120.025
119.712
119.749
120.021
120.021
120.02
120
119.986
120.003
120.003
120.004
119.417
119.733
119.978
119.958
119.935
119.796
120.047
119.805
119.94
119.583
119.972
119.517
119.898
119.666
119.781
119.703
120.008
120.023
120.047
119.976
119.981
119.991
120.023
120.014
120.028
120.018
120.02
120.013
120.088
3.079
1.678
120.101
0.723
21.713
0.409
0.512
120.028
120.019
120.018
120.032
120.07
120.032
120.039
120.106
120.032
1.012
0.604
0.598
0.430
0.568
0.581
0.594
0.547
1.866
0.247
1.395
120.064
69.383
120.008
8.199
120.007
119.861
120.032
15.212
119.999
119.773
26.300
120.071
120.015
119.939
119.947
119.996
120.019
119.928
120.095
120.078
120.009
119.684
119.866
119.799
119.106
118.898
16.824
118.998
119.184
93.457
118.075
119.688
118.229
117.996
119.122
119.468
119.123
43.379
118.381
119.921
119.729
118.356
119.74
39.315
119.797
120.002
119.927
120.025
119.957
120.048
120.022
119.933
119.977
120.054
119.753
119.777
119.888
120.018
119.77
119.99
119.904
119.996
119.782
119.973
119.917
119.978
119.99
119.843
119.536
119.929
119.89
119.959
119.967
119.991
119.94
119.992
119.987
119.999
119.986
119.989
120.002
119.942
120.013
3.878
1.773
119.972
119.954
77.346
119.875
70.603
83.176
119.942
120.034
47.056
119.998
79.296
119.995
119.964
119.9
119.956
120.002
119.959
119.972
119.996
120.011
120.004
119.995
120.022
120.01
119.961
119.984
120.025
120.019
120.018
119.95
119.943
120.003
0.172
0.636
7.190
0.334
16.567
9.713
36.341
120.024
120.064
120.022
120.035
119.989
120.116
120.012
120.01
120.161
0.401
5.391
0.290
0.583
0.856
1.348
0.368
9.390
12.137
1.455
119.951
120.085
120.047
120.101
120.095
120.082
120.047
120.041
120.171
120.071
120.032
120.136
120.086
117.23
119.959
120.051
120.007
120.031
119.996
120.152
119.725
120
119.99
120.039
78.575
119.959
119.95
119.703
119.998
119.965
120.023
119.562
120.004
118.747
120.035
119.833
119.955
119.95
120.007
120.036
119.92
120.094
120.067
120.041
120.071
120.049
120.049
120.033
120.045
120.032
119.994
120.117
120.027
119.907
120.117
120.018
120.032
119.908
120.059
120.095
120.021
120.007
119.722
120.021
120.022
120.025
118.002
119.969
120.023
120
120.015
119.226
119.882
119.989
119.973
119.436
119.97
119.985
120.012
119.959
119.975
120.027
120.075
119.999
120.081
119.99
120.005
119.842
39.852
117.751
119.497
120.023
120.053
120.013
120.009
120.021
120.014
120.041
120.066
119.996
120.037
120.036
119.968
120.015
119.986
120.037
119.763
120.057
119.977
120.033
120.008
120.009
120.005
118.668
119.981
119.844
119.982
1.325
7.876
120.058
1.894
120.02
1.618
4.582
119.827
120.086
119.996
120
118.209
120.35
120.082
118.87
119.959
1.662
0.287
0.385
0.164
0.870
0.482
2.485
5.108
0.181
119.78
119.98
119.932
65.424
119.801
116.682
119.908
119.341
119.604
119.988
104.878
120.047
119.69
119.975
119.689
119.216
119.6
119.941
119.969
120.091
19.392
120.02
119.713
119.804
52.110
119.505
93.96
21.211
118.806
23.143
120.013
119.949
119.892
54.539
119.756
120.033
17.532
119.095
119.966
119.891
119.916
119.671
119.971
84.614
119.37
119.221
119.646
119.45
119.984
120.003
119.397
119.756
119.923
119.841
119.199
119.617
119.921
119.884
119.995
119.832
119.705
119.93
119.636
119.721
118.794
119.609
119.385
120.033
119.743
119.874
119.787
119.947
119.957
119.975
119.869
119.55
119.925
119.964
119.909
119.956
119.831
119.636
119.99
119.887
91.89
119.971
119.922
119.929
3.769
119.994
119.768
119.382
119.91
119.957
119.9
119.935
119.666
119.949
119.945
119.825
120.026
119.976
119.991
119.794
119.886
118.824
119.359
119.316
119.846
119.896
119.891
119.268
119.404
118.875
119.61
119.906
119.813
2.584
0.248
10.239
0.187
0.836
0.153
0.302
119.854
119.99
41.124
119.962
119.624
119.878
119.727
119.608
119.371
1.485
3.610
3.392
1.416
2.126
0.300
13.076
1.014
115.916
118.209
119.816
120.024
118.743
119.937
120.018
119.857
120.081
120.107
120.036
120.119
120.05
120.057
120.07
120.024
119.97
119.852
119.722
119.702
119.963
119.98
120.002
120.026
119.986
119.997
119.9
120.019
119.999
120.071
120.032
119.994
120.01
120.017
120.01
120.025
120.011
119.993
120.005
120.012
120.076
120.031
120.036
120.017
119.964
119.76
120.041
120.033
119.877
120.014
120.043
120.046
119.951
120.019
120.101
120.067
119.943
120.088
120.04
120.039
120.006
119.955
120.035
120.006
120.008
119.968
120.019
119.99
120.013
119.927
120.019
120.013
120.033
120.032
120.01
120.03
120.045
120.032
120.039
120.015
120.039
120.033
120.07
85.415
120.01
119.925
119.896
119.989
120.07
119.998
119.947
120.003
119.989
120.064
120.038
120.003
120.001
120.028
120.024
120.006
120.044
120.011
119.987
116.322
119.722
119.856
119.932
120.018
119.777
119.81
119.934
119.834
120.028
119.713
120.045
120.015
120.038
7.685
0.269
119.911
0.594
11.002
0.710
1.757
120.016
120.006
120.06
119.975
120.12
120.028
120.082
120.039
120.074
0.496
0.227
0.712
0.265
0.588
0.701
0.161
119.995
33.581
119.991
15.001
119.218
119.022
118.718
41.710
118.369
118.538
38.190
119.196
118.541
119.222
119.477
119.776
119.447
117.952
119.57
63.088
80.823
119.985
119.893
119.857
35.746
119.978
85.593
12.474
119.63
25.256
69.26
119.977
119.996
119.938
119.873
119.893
119.938
118.442
119.961
120.006
119.929
120.001
119.781
54.050
119.997
119.919
119.976
120.007
120.018
119.943
119.952
120.045
119.997
120.006
119.973
120.011
120.036
119.964
119.931
119.986
120.067
119.999
119.618
119.97
119.89
119.027
119.541
118.664
119.588
119.693
119.996
119.977
119.858
119.87
119.867
120.02
120.01
120.019
119.987
119.767
119.994
119.997
120.001
22.017
32.508
119.953
119.944
119.937
21.433
119.996
119.998
120.02
120.001
119.951
120.007
119.979
119.987
120.009
120.004
119.953
120.064
119.99
119.992
119.983
119.98
119.996
120.025
120.035
119.872
119.88
120.049
120.014
119.991
120.02
120.042
120.003
120.049
0.578
0.431
2.774
0.175
0.911
0.624
0.219
119.87
120.063
21.577
94.619
95.536
46.789
27.331
105.032
119.758
0.431
1.543
0.876
1.685
1.968
0.628
120.082
120.017
120.007
74.715
120.057
120.045
120.027
119.981
120.035
120.077
120.071
120.018
119.976
120.075
117.332
119.963
119.94
119.996
120.012
120.042
31.020
119.955
119.988
119.957
16.140
119.955
77.929
115.239
119.926
27.765
120.001
119.947
120.021
119.993
119.994
119.94
119.886
119.088
120.003
120.028
120.037
120.068
120.038
87.439
120.035
119.976
120.038
120.057
119.978
120.023
120.045
119.754
120.005
120.026
119.52
119.971
120.025
114.45
119.94
119.949
119.97
120.013
120.018
119.907
46.923
119.996
120.017
120.002
120.038
117.586
120.047
119.276
119.97
119.969
118.591
119.974
120.02
120.024
119.988
119.958
119.987
119.972
120.015
119.993
119.32
119.91
119.958
119.763
64.681
119.711
119.973
119.992
119.98
119.959
120.001
119.997
119.549
119.324
119.836
119.976
119.935
119.917
120.013
119.912
119.987
120.019
119.977
120.025
119.989
119.997
119.722
119.736
119.431
119.904
119.988
119.749
119.87
0.397
0.441
4.632
0.171
1.285
0.184
0.263
119.88
119.888
119.941
119.922
119.969
120.013
119.96
119.456
119.777
1.301
0.402
2.384
7.421
0.189
119.766
119.759
119.225
119.988
119.64
120.037
119.872
119.751
119.85
119.741
119.871
119.882
120.034
119.858
119.974
119.906
119.781
119.317
119.916
120.036
106.144
120.049
119.862
119.868
21.762
119.969
43.171
119.998
119.979
119.947
120
120.003
119.901
102.871
119.836
119.989
119.861
119.725
119.702
119.183
120.076
118.908
119.468
77.578
119.793
119.826
119.376
118.91
119.183
119.648
118.425
119.652
118.519
118.338
118.476
120.074
120.002
119.822
120.034
119.972
119.758
119.652
119.938
119.999
120.051
120.043
119.99
120.02
119.821
120.005
119.598
119.812
119.728
119.827
119.791
119.713
120.028
119.972
119.568
119.613
120.065
119.772
119.576
119.871
78.57
119.17
119.568
119.89
14.399
120.017
119.924
120.006
119.971
120.004
119.642
119.675
119.968
119.214
119.774
119.238
119.993
119.967
119.043
119.988
119.244
120.023
119.7
119.667
119.628
119.315
119.885
119.775
118.879
119.767
116.876
119.922
119.307
0.869
0.917
34.969
0.199
6.070
0.760
0.316
119.214
119.707
119.582
77.025
77.745
117.916
119.964
119.956
120.048
1.497
2.924
2.048
0.957
120.003
120.044
120.039
96.722
120.09
119.42
119.629
119.659
119.776
119.957
119.774
120.138
120.048
119.956
119.699
119.693
120.114
120.031
120.033
120.08
119.992
119.99
120.002
120.006
119.98
120.026
5.797
120.024
120.032
119.99
119.996
120.009
120.002
119.978
119.984
120.003
120.008
119.999
119.628
120.046
120.052
119.972
119.965
119.999
120.034
120.014
120.048
120.076
120.008
120.057
120.001
120.056
119.977
120.052
119.734
119.638
119.585
119.646
119.974
120.064
119.782
120.027
120.005
120.025
119.997
119.95
119.993
120.005
120.031
120.022
120.019
120.003
120.051
120.001
120.015
120.027
120.01
120.009
120.008
120.004
120.105
120.016
120.04
119.997
120.004
120.003
120.004
120.004
120.027
120.032
120.017
120.019
120.02
120.01
120.049
120.036
120.011
120.02
119.766
119.982
120.039
119.947
120.006
120.006
120.047
119.97
119.988
120.039
119.996
120.005
120.027
120.017
120.026
119.884
120.027
119.992
120.033
2.632
1.854
120.027
0.284
119.721
3.142
10.129
120.069
120.019
119.806
120.067
120.02
120.021
120.084
120.038
119.679
1.327
2.144
0.277
119.75
120.014
119.834
41.832
120.063
120.031
119.975
120.135
120.003
120.027
120.013
120.106
120.02
120.035
120.016
120.046
119.976
120.021
120.034
120.127
74.553
119.987
119.966
119.993
20.003
119.72
55.869
111.775
118.795
24.138
119.861
120.018
119.968
119.864
119.966
120
119.975
71.55
115.351
120.012
120.043
120.036
120.024
119.981
120.025
120.034
120.025
120.008
120.03
120.047
120.036
120.054
119.999
120.059
120.064
120.026
119.99
120.027
120.046
119.961
120.016
120.001
119.985
119.968
64.291
120.036
119.972
120.023
120.014
119.901
119.87
120.032
120.035
119.993
119.897
120.076
119.955
120.028
120.001
119.987
120.017
120.014
120.014
20.733
21.153
119.6
119.951
119.899
14.349
119.673
119.376
119.939
119.932
119.857
119.965
119.773
119.916
120.005
119.983
119.973
120.04
120.008
120.031
119.869
119.988
119.99
119.942
119.994
119.951
119.973
120.013
119.316
119.938
120.016
119.766
119.971
119.959
0.480
0.611
5.749
0.258
1.888
1.378
0.253
119.923
117.263
81.166
117.491
118.242
118.761
99.799
119.767
119.093
4.254
0.795
118.393
119.993
119.947
119.82
119.885
120.027
120.034
119.997
120.019
120.082
120.055
120.074
120.033
120.054
120.027
120.012
118.937
119.965
119.676
120.182
119.749
119.95
119.941
119.943
119.957
119.965
119.766
120.02
119.972
119.887
119.907
119.996
119.992
119.985
120.031
119.982
120.017
119.881
119.994
119.998
120.049
119.875
120.033
120.012
120.073
120.015
120.022
120.03
120.036
120.043
120.09
118.2
118.401
119.573
118.523
118.366
118.438
119.889
119.381
118.901
118.736
119.703
119.712
119.891
119.897
119.976
119.991
120
120.007
119.882
120.011
119.777
120.025
119.867
119.993
119.88
119.846
119.956
119.995
119.743
119.913
119.923
119.978
8.886
69.524
119.955
119.97
119.986
34.046
120.036
119.833
119.96
120.025
119.993
119.912
119.979
119.96
119.983
120.024
119.93
120.01
119.989
119.986
119.956
119.992
120.036
119.994
120.024
119.605
119.978
120.006
119.996
117.348
118.69
119.499
118.953
116.961
15.095
8.125
118.422
29.391
119.911
10.756
35.794
119.214
118.902
119.994
119.488
119.593
120.026
119.986
120.011
120.018
1.299
120.158
119.946
119.977
120.027
120.116
120.109
120.036
119.874
119.747
120.093
119.547
120.107
120.072
120.055
120.022
119.905
120.026
120.112
120.078
120.06
119.955
119.946
120.015
120.026
119.972
119.946
119.99
120.053
120
119.981
120.017
119.999
120.007
119.725
120.007
119.988
119.766
119.985
120.014
120.102
120.134
119.302
120.094
119.754
120.065
119.934
120.078
120.092
120.106
120.171
120.122
120.101
119.969
120.203
120.191
120.085
120.076
120.12
120.079
120.188
120.034
120.046
120.039
120.025
120.019
120.048
120.002
120.016
120.048
120.011
120.103
117.222
120.148
120.027
120.014
120.101
119.903
120.114
119.991
120.009
120.076
120.081
120.055
120.024
119.975
119.783
119.828
119.922
119.91
120.081
119.917
119.928
120.049
119.992
120.049
119.803
120.062
119.948
119.886
120.007
120.135
119.744
119.269
119.653
119.95
119.9
120.063
120.054
120.017
119.087
119.843
119.365
119.255
119.895
120.015
120.062
119.865
1.954
8.054
120.169
0.360
120.025
0.335
31.056
120.207
120.078
120.041
120.138
120.197
120.15
120.079
120.054
120.068
120.063
120.108
120.027
77.068
120.058
120.053
120.038
26.583
120.028
120.011
64.056
120.068
120.06
119.992
120.035
120.021
120.06
119.33
120.053
120.213
119.995
120.003
119.992
119.989
75.338
119.841
8.690
119.854
119.813
9.132
120.007
120.01
120.023
120.012
120.014
119.878
119.99
119.593
120.002
120.025
120.207
120.025
120.008
103.829
120.01
119.993
119.867
120.007
120.026
120.038
120.03
120.025
120.013
120.067
120.056
119.99
120.044
120.067
120.036
120.031
119.985
120.013
120.044
120.007
120.006
119.92
119.949
119.996
120.014
120
120.01
120.005
120.007
119.878
119.919
120.019
119.996
120.013
120.031
119.969
120.015
120.011
120.1
20.846
23.478
119.988
86.294
119.984
65.409
120.048
120.012
119.983
119.867
47.857
119.056
120.021
119.934
119.939
119.934
119.039
119.867
119.947
120.002
119.946
119.971
119.918
120.038
118.595
118.601
119.994
119.971
119.563
119.991
119.943
120.028
120.012
120.059
0.244
0.540
2.120
0.198
1.607
2.721
0.233
120.025
120.041
120.038
120.013
120.151
120.032
119.989
120.037
120.024
100.82
120.136
9.030
120.206
119.052
120.123
120.132
120.112
7.337
120.02
120.187
120.151
120.177
120.122
120.006
120.041
120.083
120.14
120.006
120.032
120.016
119.992
119.984
119.848
119.164
119.44
119.946
119.951
119.928
119.42
119.027
119.704
119.89
117.802
119.704
119.89
119.943
119.904
120.056
120.105
120.144
119.449
120.061
119.86
120.019
119.067
119.299
120.103
119.947
120.079
120.078
120.017
120.16
120.182
120.061
120.078
119.894
120.143
120.013
119.939
120.097
120.007
119.539
119.866
119.724
120.006
120.06
119.716
119.72
119.107
120.026
120.1
120.042
119.738
119.804
119.891
120.171
119.998
120.043
119.498
118.733
118.794
119.997
119.865
119.995
119.619
119.74
120.073
119.993
119.199
119.037
119.935
120.051
117.828
118.568
119.863
120.066
120.08
119.989
120.127
119.796
120.045
119.997
120.063
120.106
119.595
120.065
120.053
120.093
120.052
120.025
120.027
120.08
120.001
119.977
119.601
119.948
119.993
120.149
119.692
119.943
119.868
119.656
119.445
118.827
119.287
119.59
119.56
120.027
119.561
119.277
120.103
120.079
1.658
16.404
120.113
120.288
20.849
119.805
49.950
119.795
119.817
120.133
119.507
68.701
49.121
119.815
119.778
119.874
119.507
119.701
119.247
119.487
119.913
119.455
119.412
119.565
119.092
119.821
116.57
89.766
119.52
119.961
119.716
119.291
119.776
119.988
120.003
120.013
120.168
120.159
120.067
120.085
119.825
120.136
120.043
119.624
119.784
119.94
119.962
119.918
119.899
119.791
119.487
119.924
120.119
119.86
120.153
118.537
119.811
42.090
119.922
68.07
120.284
120.019
120.085
119.895
35.065
119.952
119.807
120.104
120.133
120.147
120.036
4.613
120.114
120.134
120.07
120.06
28.257
120.026
120.04
120.133
120.032
120.027
119.87
120.037
120.019
120.106
119.769
120.05
120.03
119.991
119.777
120.032
119.949
120.015
120.055
120.111
120.032
119.83
120.088
120.064
120.031
120.032
120.062
120.046
120.121
120.014
120.027
120.071
120.027
120.041
120.108
120.037
120.062
120.041
28.437
18.102
120.119
120.029
120.085
106.182
53.534
120.196
120.1
120.039
120.044
120.062
120.079
120.052
119.885
120.063
4.760
112.934
120.025
119.973
119.379
120.235
117.207
3.262
117.377
68.291
34.354
118.666
35.880
6.452
81.007
120.031
119.955
119.813
119.804
119.963
119.827
119.898
119.975
119.925
119.044
119.563
119.401
119.991
119.723
119.628
119.743
119.893
120.012
119.887
119.596
119.883
119.894
120.05
119.987
120.04
12.570
119.992
119.979
119.939
119.548
119.792
117.483
120.026
120.121
119.898
120.16
120.257
120.026
120.197
119.823
120.058
120.104
119.987
120.105
117.13
119.394
116.472
119.399
117.353
120.018
120.014
119.877
119.331
119.826
119.806
119.962
119.924
120.022
120.004
120.002
119.915
118.77
119.686
119.69
118.957
119.823
119.637
120.002
119.225
118.805
119.534
119.764
119.448
119.371
119.351
119.774
119.84
119.899
119.866
120.095
120.078
119.6
119.673
119.145
119.564
119.922
119.855
119.997
119.769
119.848
120.002
89.62
119.882
120.049
120.08
119.992
120.035
120.038
119.907
119.999
119.865
120.09
119.901
119.908
119.951
119.301
118.451
117.813
119.915
119.675
119.245
118.462
118.813
119.852
119.865
2.314
119.927
53.702
0.528
119.998
4.862
119.982
120.008
44.254
4.417
5.513
28.687
120.037
6.958
119.982
4.103
119.826
119.97
119.981
119.752
120.009
119.959
21.149
20.214
119.915
119.837
3.138
119.864
119.865
119.972
119.9
119.951
119.975
117.114
119.969
119.692
119.5
120.066
120.038
119.971
119.938
120.032
120.001
120.016
120.001
120.029
120.054
120.005
120.039
119.442
119.839
119.888
3.748
27.591
120.008
120.014
119.519
119.989
120.061
104.24
52.767
77.263
18.644
119.998
120.063
1.670
120.129
120.032
119.907
120.017
119.523
44.693
120.191
119.868
5.426
114.504
120.005
120.037
120.021
7.114
5.848
8.975
13.710
3.111
17.220
120.039
39.652
100.167
120.016
5.107
56.546
120.029
120.007
120.036
120.039
120.04
119.855
119.883
119.554
119.913
119.999
120.029
120.024
120.006
120.139
119.994
120.01
119.371
119.827
119.777
119.92
120.041
119.977
0.180
0.163
12.655
0.232
119.892
1.339
0.250
120.008
120.054
119.962
120.04
120.037
120.022
120.028
120.018
120.004
119.913
120.073
120.091
120.078
118.333
120.117
120.158
120.18
120.19
120.127
120.105
120.099
120.321
120.161
119.938
119.965
120.004
120.019
120.017
119.998
120.025
119.983
120.066
119.997
120.011
120.009
120.031
120.057
119.568
118.131
119.969
120.019
120.003
120.041
120.077
120.01
119.811
120.045
120.078
120.143
120.236
120.123
119.566
119.468
120.16
120.21
120.207
120.191
120.223
120.225
120.103
120.071
120.137
120.113
120.092
119.991
120.094
119.89
120.029
119.998
119.734
120.024
120.119
119.997
119.954
120.066
120.06
119.948
120.069
120.035
120.045
120.172
116.788
120.013
119.984
120.078
120.111
120.111
120.058
120.089
120.042
120.084
120.025
120.044
120.076
120.053
120.01
120.055
120.031
120.082
120.078
120.053
120.149
120.038
120.061
120.167
120.067
120.132
120.014
120.075
120.084
120.19
120.163
120.06
120.078
120.045
120.027
120.039
120.017
120.055
119.998
119.871
120.005
119.981
119.999
119.623
120.019
119.986
120.014
120.08
120.2
120.092
120.127
120.049
120.018
119.93
119.935
120.102
120.081
120.094
119.591
120.187
13.051
119.463
120.029
120.164
120.134
119.928
120.069
120.074
120.119
120.4
120.01
120.008
120.032
120.016
119.987
119.967
119.997
119.587
120.018
120.017
120.033
119.992
120.035
120.027
119.945
119.885
119.939
119.983
120.009
120.101
120.142
120.114
120.102
119.89
120.088
120.106
120.242
120.066
120.057
120.119
120.077
120.117
120.118
120.147
120.258
119.916
120.07
120.095
120.163
120.009
119.987
120.017
119.989
119.971
119.95
119.957
119.877
120.026
120.074
120.011
120.074
120.081
120.023
120.154
119.988
119.901
120.037
120.069
120.034
119.791
119.788
119.938
120.07
120.003
119.976
119.933
119.973
119.883
119.999
120.02
120.046
119.845
120
119.749
119.788
119.763
119.901
119.968
119.838
119.234
119.851
119.997
119.94
119.956
119.947
119.85
119.99
119.593
119.654
119.635
120.047
120.066
120.063
119.722
120.1
120.056
119.991
119.833
119.787
119.911
119.802
119.828
119.8
119.89
119.875
119.881
120.018
120.134
120.032
120.079
120.029
120.045
120.044
119.727
119.677
119.757
34.438
120.239
120.116
120.111
120.072
3.144
25.575
120.11
120.087
120.032
120.032
119.41
120.03
120.06
120.027
120.009
120.005
120.041
119.962
119.935
120.022
120.038
120.028
120.024
119.799
120.021
119.876
119.675
119.806
119.989
120.085
120.104
120.211
120.071
120.068
120.068
120.161
120.04
120.068
120.097
120.113
120.099
120.058
120.054
120.161
120.042
120.035
120.16
120.087
120.083
119.973
120.034
120.16
120.042
120.014
120.059
120.012
120.062
120.086
119.924
120.022
119.839
120.032
119.961
120.033
120.197
120.037
120.019
120.008
120.044
120.01
120.05
120.035
120.016
120.008
120.024
120.009
120.012
45.315
120.02
120.032
120.035
120.049
120.026
120.042
119.992
120.02
120.052
120.05
77.995
119.894
120.047
120.067
120.005
120.008
120.063
120.042
120.027
119.946
119.999
120.073
120.011
120.046
120.057
120.05
120.009
120.029
119.705
81.271
120.098
120.007
119.983
120.012
119.932
119.732
119.707
120.073
120.133
120.084
120.035
120.08
120.026
120.055
120.08
120.095
112.611
120.262
120.009
120.089
120.049
120.028
120.041
120.072
120.097
120.026
119.999
120.005
120.027
120.031
119.735
119.993
119.919
120.009
119.96
120.015
120.063
119.995
120.034
120.001
120.012
120.047
119.774
119.962
120.011
120.031
120.09
120.115
119.306
119.521
120.003
119.978
119.94
119.969
120.095
120.109
120.074
120.077
120.152
120.115
120.083
120.034
120.082
120.053
120.082
120.097
120.015
120.057
120.064
120.004
119.999
120.047
119.988
119.968
119.992
120.041
120.069
120.017
120.05
119.976
31.821
120.002
120.03
120.051
120.13
120.032
120.075
120.054
120.041
45.813
79.706
120.007
120.05
120.022
119.82
120.027
119.995
120.023
120.027
119.96
120.01
119.149
118
120.054
119.736
119.908
120.012
119.88
119
119.79
119.811
118.078
120.017
120.083
119.198
119.466
119.645
119.403
119.501
118.177
119.2
118.731
119.592
119.335
119.979
118.912
119.945
119.489
119.994
120.038
120.156
119.477
120.039
120.059
120.065
120.093
119.762
120.048
119.634
120.018
12.360
119.901
119.923
119.778
119.942
35.741
68.289
119.964
119.318
119.912
120.006
120.014
119.88
119.817
120.009
119.987
105.208
119.786
119.862
120.038
120.015
119.554
119.949
118.949
119.883
119.697
118.124
102.49
116.319
120.148
120.275
120.328
120.209
119.538
119.292
119.346
117.503
119.483
119.721
113.396
119.869
116.345
118.343
120.159
118.084
119.249
120.042
120.16
120.21
120.188
120.04
120.12
119.998
120.108
120.014
120.046
120.019
120.03
120.041
120.008
120.064
120.039
119.936
119.927
119.666
120.026
119.794
119.933
119.982
120.005
120.054
120.04
120.011
120.067
120.095
119.608
120.014
120.021
119.636
119.898
119.851
119.911
120.027
119.981
119.965
119.795
120.033
120.059
120.053
41.998
120.057
120.05
120.031
120.025
120.042
120.058
120.082
120.021
120.011
72.094
120.076
119.748
120.058
120.045
120.054
120.009
120.081
120.023
27.506
119.957
120.04
120.031
119.9
120.054
118.368
120.189
120.1
120.143
120.231
120.122
120.094
120.128
120.055
41.304
120.119
120.12
120.113
120.105
120.071
120.11
119.759
120.004
120.125
120.024
120.017
120.026
120.019
120.024
120.03
119.993
120.095
120
120.007
119.931
120.059
119.854
120.009
120.032
118.802
118.676
120.002
119.816
119.12
120.1
120.138
120.079
120.068
120.112
120.061
119.718
119.977
120.094
119.28
120.118
120.105
120.082
119.934
118.991
120.045
119.652
120.077
120.269
120.032
120.055
120.033
119.931
119.816
119.911
120.065
119.966
120.015
119.972
119.966
120.072
120.003
120.103
120.065
120.064
119.274
120.038
120.097
120.032
120.039
120.001
120.046
120.119
120.052
120.031
119.967
119.665
119.97
119.951
120.024
119.906
119.851
119.864
119.954
119.442
120.042
119.871
120.116
120.14
119.959
120.075
119.479
116.954
117.212
120.09
120.147
120.125
120.119
120.024
120.023
120.084
120.038
120.059
120.134
120.014
120.056
119.837
119.906
119.916
120.048
120
120.011
119.941
120.002
119.857
120.136
119.515
119.916
119.777
119.907
119.993
119.762
120.068
61.206
13.752
120.027
49.153
46.796
119.905
29.810
120.056
6.430
119.987
120.034
120.017
119.989
119.983
120
119.849
24.682
25.283
8.182
6.292
119.815
119.992
56.764
119.68
119.874
105.053
39.647
119.275
118.675
118.194
120.013
118.758
120.021
120.07
120.041
120.054
120.046
120.055
120.056
120.075
120.07
120.031
120.111
120.137
120.115
2.125
120.137
120.119
120.093
120.043
120.019
120.066
120.045
120.026
120.034
120.017
119.648
119.438
119.617
119.983
120.026
120.036
120.02
120.016
119.887
119.986
119.561
120.011
120.044
120.031
119.977
120.024
3.265
2.126
4.197
0.537
0.597
16.709
120.029
2.704
120.018
119.83
1.624
120.047
102.929
119.913
119.905
119.841
119.832
119.824
119.85
119.098
120.032
119.981
119.996
120.056
120.023
120.006
120.018
120.019
120.033
120.029
120.072
120.016
120.008
120.041
0.197
0.183
120.069
0.272
47.648
0.364
0.275
120.016
120.057
120.032
117.058
120.116
120.04
120.031
120.034
120.025
120.183
120.197
120.145
120.115
120.124
120.151
120.159
120.102
119.972
119.971
120.015
119.955
120.008
120.053
120.014
119.701
119.868
120.008
120.132
119.811
119.95
119.824
119.93
119.777
119.795
119.589
119.173
119.957
119.568
118.659
119.849
119.782
119.802
119.832
117.893
117.178
115.835
119.595
119.156
120.109
120.103
118.661
118.789
114.819
118.454
118.843
120.019
118.493
116.679
119.705
120.064
119.05
119.65
119.745
119.98
118.671
118.537
119.153
120.001
118.321
120.154
120.055
120.059
119.898
119.51
120.09
120.046
120.061
118.44
119.214
118.559
119.397
119.188
119.05
120.004
119.851
118.258
116.319
117.067
117.066
119.995
118.697
120.071
116.955
120.045
120.129
120.042
119.963
120.119
120.059
120.089
120.123
120.041
120.074
120.09
119.817
120.006
119.604
119.948
120.231
120.043
120.02
120.062
120.036
120.085
120.014
30.385
120.041
120.032
119.994
119.891
120.05
120.039
120.066
120.023
120.055
120.016
120.102
120.055
120.085
120.041
120.114
81.474
12.661
120.066
9.832
44.104
69.214
119.999
119.883
119.99
119.984
119.902
119.978
119.876
120.044
120.041
120.011
119.984
119.829
119.996
119.86
119.978
120.022
120.016
119.979
119.982
120.007
120.052
120.045
120.103
119.999
120.106
120.021
119.863
119.574
120.104
119.855
120.084
119.355
120.035
120.109
120.133
120.1
119.863
119.58
120.088
119.933
119.814
120.042
119.628
119.43
120.017
120.054
120.021
120.06
119.943
119.709
119.879
120.023
120.007
119.967
120.027
119.729
120.036
119.87
119.976
119.987
120.015
120.022
119.842
119.914
119.859
119.973
119.87
119.788
119.962
120.047
119.908
119.826
119.935
119.906
118.333
118.256
120.03
120.047
119.556
52.937
120.065
120.052
119.075
119.602
119.771
119.65
119.483
119.819
119.866
119.837
119.696
119.443
119.14
118.219
119.784
120.023
119.454
120.034
118.301
119.972
118.383
119.478
119.739
120.046
117.987
120.136
120.078
120.116
120.059
119.613
119.971
119.547
119.915
119.885
2.661
37.776
66.212
52.322
120.039
119.727
119.753
119.748
119.806
119.998
119.922
119.817
119.724
119.941
119.939
119.96
119.893
119.999
3.996
119.909
119.913
120.007
119.741
120.002
120.029
120.032
119.533
120.037
119.838
119.848
119.859
119.518
119.857
119.682
118.91
119.863
119.724
119.313
120.037
118.005
115.484
119.946
118.894
119.897
120.051
120.035
120.095
120.072
120.039
120.015
120.039
119.698
120.093
120.058
119.913
120.031
119.899
119.81
119.772
119.671
118.318
120.047
119.888
119.839
119.769
119.71
119.934
119.959
119.867
119.869
119.97
119.831
120.02
118.339
119.914
119.589
120.063
119.992
119.889
119.861
120.034
120.027
119.518
119.762
119.967
120.006
114.134
113.843
119.641
119.356
120.004
120.059
120.081
120.019
119.99
118.886
119.737
119.681
120.032
120.041
120.029
120.012
119.655
119.577
120.031
119.866
119.694
119.913
120.005
119.993
119.381
119.964
119.86
119.812
120.076
120.042
120.062
120.043
2.567
117.427
120.101
62.743
120.076
119.708
120.004
119.745
119.881
120.036
119.895
36.745
119.749
119.586
119.419
119.454
119.071
120.007
6.961
119.86
119.924
119.972
120.002
120.03
119.92
119.948
120.054
120.129
120.013
120.119
120.166
120.17
120.092
120.112
120.076
120.073
120.104
120.051
120.152
120.17
120.054
120.064
119.768
120.095
120.049
119.948
120.019
120.064
120.01
120.032
119.981
120.041
120.024
120.073
119.996
120.046
120.074
120.061
120.027
120.008
120.09
120.062
120.068
120.024
120.044
120.027
120.05
120.1
120.013
119.99
120.05
57.344
120.098
95.983
120.001
120.089
114.022
120.034
120.012
120.083
120.053
120.045
120.086
120.084
11.081
120.072
120.05
120.098
120.004
120.033
120.023
120.09
120.053
120.013
60.161
120.057
120.08
120.048
120.019
120.067
120.068
120.047
119.97
120.021
120.036
119.987
120.112
119.996
120.023
119.96
120.093
120.016
120.046
120.047
120.072
120.056
120.027
120.062
2.335
6.511
1.583
120.02
120.019
119.83
119.971
119.949
119.999
120
119.94
120.076
119.991
119.975
7.212
119.998
120.018
119.99
120.004
120.007
120.004
119.915
120.002
120.038
120.108
120.074
120.047
120.017
120.024
120.061
120.055
120.035
119.966
119.214
120.056
120.083
119.977
118.938
120.124
120.045
120.063
120.043
120.119
118.847
118.427
118.455
118.399
118.453
118.39
118.43
118.407
118.329
118.356
118.455
118.787
118.445
118.425
118.412
118.385
118.496
118.41
119.812
118.577
118.46
118.425
118.525
118.774
119.978
119.969
119.97
119.96
120.016
18.278
120.069
119.965
120.032
120.033
120.015
120.037
119.949
119.986
119.915
120.016
119.962
120.056
120.038
119.907
119.78
119.938
119.855
120.052
120.039
119.868
119.81
120.04
120.044
120.066
119.975
117.979
119.966
120.051
120.001
88.406
120.012
119.934
119.969
119.931
120.116
120.032
120.046
119.994
119.994
120.033
120.023
120.048
120.03
120.008
14.769
5.295
120.022
119.992
119.953
119.976
119.991
119.827
119.971
119.927
120.04
119.997
120
119.907
119.9
120.028
119.79
119.953
120.022
120.038
119.994
120.062
120.037
119.375
119.838
120.067
120.022
119.962
119.968
119.819
119.669
120.081
120.085
119.991
119.873
119.996
120.047
120.151
116.288
120.097
117.864
119.747
119.989
118.797
119.935
119.34
119.925
120.021
120.089
120.038
119.68
118.089
119.67
119.889
119.442
120.014
119.702
119.963
118.633
119.27
119.878
119.872
120.055
119.497
117.572
120.014
120.022
119.627
119.478
119.61
119.438
120
120.037
119.784
119.852
119.213
119.792
120.011
119.63
119.868
120.028
120.089
119.997
119.98
119.891
120.105
119.926
120.011
120.056
119.969
113.183
117.789
119.727
119.948
120.001
119.96
119.983
119.939
119.77
120.042
119.965
18.936
120.062
120.103
120.005
59.706
119.569
120.053
119.621
120.002
120.034
119.94
120.034
120.088
120.05
120.024
33.365
120.092
119.985
120.007
119.753
119.996
119.999
119.967
107.011
120.065
119.988
119.968
119.871
119.697
119.99
119.961
120.032
120.068
120.005
88.86
119.999
120.043
120.123
119.974
120.124
120.046
119.717
120.061
120.095
120.06
120.086
119.994
120.101
119.966
120.089
119.805
119.969
119.76
120.042
120
120.09
120.086
119.906
119.96
120.047
120.017
119.991
120.073
119.395
119.389
120.04
120.018
120.014
120.023
120.041
120.027
120.026
120.043
120.042
120.068
119.894
119.931
120.031
119.855
120.038
119.877
120.078
119.932
75.745
119.996
120.053
120.039
120.029
80.97
119.933
120.024
120.082
120.005
119.641
120.077
120.041
50.748
120.003
120.007
120.053
120.021
120.023
119.76
120.104
120.054
119.816
18.988
119.909
120.009
120.043
120.026
120.019
118.459
120.042
120.006
119.63
119.94
119.989
120.015
119.987
119.933
120.025
120.114
120.099
120.071
120.103
120.129
120.035
120.064
120.006
120.068
119.978
119.999
119.949
119.987
120.041
118.586
119.971
120.031
119.986
120.006
120.012
120.017
120.025
48.631
120.029
120.036
120.007
119.982
119.944
120.055
120.209
120.147
120.109
120.032
120.084
119.872
119.889
119.982
120.131
120.101
120.105
120.062
120.063
120.148
120.148
120.038
120.076
120.018
120.047
120.057
120.014
120.043
118.726
119.999
120.01
119.573
119.992
117.838
119.152
120.014
120.061
119.918
119.955
120.012
119.479
119.655
119.673
118.764
119.491
119.481
119.441
118.294
119.231
118.196
119.75
119.971
119.61
120.023
120.064
119.913
119.585
120.036
120.025
120.026
120.02
119.661
120.068
120.157
120.011
38.060
120.093
119.805
119.828
119.883
119.291
119.85
120.054
119.703
119.789
39.208
119.856
119.821
120.065
120.041
120.05
119.897
120.022
119.858
119.96
119.933
119.812
119.778
119.885
120.009
120.032
120.107
119.964
119.893
120.08
120.007
120.132
120.038
120.029
120.008
120.014
120.016
119.952
120.028
120.054
119.939
120.055
120
120.02
119.865
119.944
120.061
119.886
120.005
120.048
120.023
119.91
120.046
120.069
120.128
120.06
120.167
120.032
120.005
120.087
120.072
120.112
120.097
120.118
120.099
120.09
120.113
120.149
120.258
120.093
120.03
120.079
120.122
120.081
120.033
120.039
120.032
120.03
120.024
120.087
120.022
120.06
120.048
120.019
120.046
120.051
120.135
120.046
120.01
120.133
119.998
120.028
120.107
120.081
120.103
120.104
120.061
120.028
118.827
120.024
37.429
120.016
38.379
120.077
120.05
120.04
120.071
71.919
120.146
120.046
119.883
120.069
120.06
83.832
120.145
120.046
120.085
120.037
120.031
119.576
120.101
120.085
120.041
120.054
120.196
120.063
120.037
118.776
119.329
119.954
119.276
68.757
4.256
119.903
119.97
119.314
119.923
120.004
120.031
120.208
120.111
119.964
119.987
120.094
120.155
120.13
120.104
0.158
1.495
0.908
0.100
0.159
0.050
1.940
0.260
0.369
1.153
0.165
0.096
1.088
2.422
0.304
0.244
1.786
0.182
7.766
119.642
119.807
120.015
120.027
119.205
119.883
119.843
119.903
120.03
119.993
120.024
120.006
120.01
120.03
120.036
120.029
120.006
120.055
119.833
119.854
119.859
119.837
119.816
119.845
119.762
119.99
119.779
45.232
120.005
119.954
120.011
120
119.978
120
109.311
119.991
120.031
119.956
120.009
120.006
120.008
120.005
120.016
119.641
119.951
119.983
119.921
29.406
119.809
119.985
120.054
120.029
120.004
119.977
120.005
110.179
119.993
31.671
119.999
1.328
62.612
1.499
1.742
9.270
2.497
64.056
29.499
0.637
1.210
3.720
4.682
4.494
4.951
7.479
9.049
41.032
119.997
21.341
119.934
120.018
58.713
119.97
119.917
119.964
120.009
119.981
119.995
120.01
119.992
120.002
119.997
119.998
120
1.280
0.740
0.141
0.807
0.272
2.411
0.693
0.101
1.923
0.261
0.615
0.757
0.847
1.698
0.550
0.477
0.683
5.666
119.207
119.692
119.246
119.928
119.982
118.021
120.011
119.816
119.967
119.899
118.893
119.601
119.785
120.043
119.98
119.708
119.883
119.862
119.748
119.322
119.942
120.041
119.817
119.65
119.991
120.031
119.987
119.894
119.878
119.971
120
119.874
119.956
119.802
118.991
120.004
120.011
120.004
119.926
100.099
120.008
120.003
120.003
119.944
119.985
119.966
120.009
120.014
119.936
119.957
119.879
57.024
119.968
119.988
119.982
40.901
119.932
42.985
119.922
2.453
120.039
119.727
11.435
5.726
7.716
6.048
41.156
19.762
28.167
1.979
10.469
8.842
48.280
8.202
21.041
62.455
119.997
107.083
119.899
120.019
119.862
119.946
119.873
119.975
120.001
120.015
119.98
118.909
120.014
120.027
120.007
119.984
120.003
0.281
0.684
1.511
0.063
2.650
0.132
0.446
1.992
0.934
0.274
0.895
1.810
1.960
0.748
0.732
0.889
3.485
119.998
120.02
120.057
119.488
120.009
120.02
120.041
120.035
120.071
120.098
120.037
120.023
119.953
119.968
120.1
120.026
120.039
120.004
120.008
120.009
119.983
119.968
38.779
119.995
119.929
120.002
119.991
119.997
119.994
119.979
120.008
119.988
120.017
119.982
12.437
120
120.01
120.008
120.001
25.398
119.934
120.019
119.928
119.941
119.991
119.988
119.993
119.995
120.02
120.025
120.015
120.043
119.999
119.971
120.07
120.01
120.015
37.036
120.004
1.343
120.054
26.838
88.319
11.526
5.227
55.261
98.485
5.153
4.054
6.341
28.552
4.030
120.023
20.215
48.145
56.100
119.957
119.896
119.772
119.991
119.981
119.99
33.030
119.951
120
120.007
119.98
120.09
120.05
120.028
120.078
116.415
120.015
0.642
9.472
0.271
3.101
0.507
0.387
2.951
0.320
0.373
0.112
0.244
30.733
0.148
0.617
3.175
1.382
120.034
120.074
120.013
119.975
120.018
120.008
120.018
87.112
120.027
120.007
119.793
119.969
120.04
120.024
120.046
120.014
120.002
119.998
119.996
120.021
119.993
119.991
119.96
119.976
119.931
119.928
119.985
119.986
120.007
119.955
119.976
119.939
120.06
119.995
119.611
119.952
120.005
120.012
119.969
119.905
119.97
119.983
119.978
119.366
119.994
119.901
115.645
26.444
119.801
119.993
119.991
120.052
120.021
102.647
119.937
119.825
120.007
7.476
31.437
0.256
112.022
35.678
34.404
0.737
0.176
44.506
14.129
2.040
0.409
1.834
1.479
0.843
29.222
1.640
3.770
4.704
119.998
119.956
119.876
119.966
119.645
119.38
119.95
119.991
119.704
118.319
119.817
119.994
119.319
119.986
119.791
119.696
119.729
0.220
0.077
34.963
0.273
0.076
40.349
0.557
0.205
1.527
1.847
0.594
0.355
0.438
1.334
12.016
119.842
119.674
119.468
119.379
119.7
119.94
119.959
119.913
120.057
119.735
120.005
120.075
120.039
120.025
119.937
119.991
119.988
120.042
120.058
120.001
117.958
119.984
86.482
119.04
119.37
119.52
119.799
60.377
119.877
119.864
119.975
119.559
119.259
105.079
86.598
120.026
119.674
80.041
119.873
119.382
119.744
119.911
119.114
117.992
69.433
51.830
40.632
44.317
95.524
119.243
94.272
111.578
118.401
36.004
118.1
118.563
119.888
19.568
93.42
3.647
119.91
119.939
8.806
17.603
21.545
119.961
120.025
4.377
5.882
3.253
15.349
17.706
21.477
80.057
66.863
108.012
120.026
119.876
119.969
120.015
119.957
119.271
119.502
119.938
119.871
118.256
120.076
120.037
119.769
119.783
120.02
71.406
119.939
0.280
9.657
0.640
0.614
9.515
1.149
1.415
1.218
0.812
3.285
1.122
1.057
2.267
6.651
115.632
115.278
118.831
117.273
115.752
117.859
113.335
115.882
115.128
117.816
119.197
116.845
117.332
110.76
119.894
119.379
113.484
116.351
114.744
117.166
118.686
116.906
108.863
115.047
118.906
113.101
115.428
115.072
116.189
116.29
116.264
114.626
116.22
113.464
114.494
117.657
117.604
116.291
119.484
117.866
113.492
116.7
114.272
118.06
118.204
90.104
16.667
6.267
117.445
117.312
118.459
115.339
68.166
80.935
120.041
120.006
119.986
120.015
120.002
38.145
120.009
120.008
81.179
10.498
119.972
119.998
119.744
120.008
110.983
9.430
120.006
119.9
120.007
120.007
119.888
119.963
119.919
41.923
119.938
119.437
119.998
120
119.953
119.991
119.981
120.031
120.012
120.059
120.031
120.007
120.043
120.063
120.005
1.023
0.098
0.053
0.562
0.049
0.074
0.444
0.489
0.336
0.414
0.412
0.117
0.646
120.015
119.901
120.006
0.861
102.675
120.001
36.970
96.03
120.021
120.022
120.002
120.015
10.974
120
119.998
120.006
119.997
119.99
119.975
119.991
119.214
119.99
1.041
119.576
119.957
119.871
119.84
15.558
120.036
119.376
102.424
119.783
119.932
116.693
7.315
119.96
119.985
21.908
119.584
37.083
8.514
119.995
119.989
14.805
44.921
10.492
16.635
12.396
62.095
30.522
80.234
50.423
12.523
26.435
78.579
73.549
27.674
1.260
63.083
1.637
29.206
0.665
6.394
1.278
3.442
5.604
5.027
0.725
0.738
1.671
5.344
6.642
1.971
11.704
8.130
7.358
72.55
119.097
119.852
119.158
119.427
119.873
6.131
119.977
119.114
119.465
119.879
25.483
25.940
23.965
97.494
82.868
60.149
0.803
4.981
1.740
9.645
36.215
0.890
2.384
23.593
3.282
0.481
85.084
1.805
120.074
120.037
119.992
120.021
120.034
119.88
119.73
120.046
120.046
119.94
119.382
120.043
120.035
119.754
120.048
120.036
119.961
119.702
119.989
120.033
120.02
120.042
34.852
119.881
24.142
57.780
44.310
119.804
119.713
25.151
116.534
114.957
120.05
62.939
9.810
119.434
119.835
119.878
119.844
32.834
119.727
119.944
119.966
12.376
9.863
68.502
67.324
73.011
54.313
119.954
119.875
93.311
119.484
38.859
119.846
118.534
119.608
119.761
119.767
51.002
119.661
119.76
119.868
119.94
119.832
119.928
120.002
119.371
119.875
119.811
119.962
119.872
119.809
120.013
120.008
120.019
120.059
119.855
119.796
119.145
119.862
119.235
118.835
119.907
22.911
120.093
120.011
119.81
120.127
119.983
119.342
120.014
19.296
0.104
0.809
0.354
0.090
0.886
1.894
0.120
0.496
0.060
0.120
0.835
119.956
120.006
120.004
23.388
120.001
120.004
120.014
120.005
119.988
120.095
120.043
120.01
120.01
120.028
120.038
119.998
81.396
120.003
65.782
120.052
120.006
119.93
119.931
118.635
119.909
120.063
119.949
49.473
120.003
119.703
119.968
119.558
119.988
119.919
68.338
119.961
120.056
120.02
119.907
119.174
105.525
119.949
119.996
119.827
76.158
55.327
49.165
44.987
119.905
120.01
119.803
119.961
35.523
29.050
119.772
119.913
119.3
2.473
119.963
0.773
19.864
1.126
0.800
1.636
0.854
3.986
20.126
0.692
0.340
0.471
0.320
0.780
1.459
2.468
9.544
10.145
22.420
119.952
119.851
119.995
74.608
119.988
119.886
119.708
120.011
119.998
120.06
120.021
119.989
120.009
120.063
119.861
76.384
1.184
0.486
0.436
0.477
0.378
0.246
0.069
0.119
0.476
1.872
120.044
119.884
119.869
120
119.774
119.363
55.171
8.337
119.77
119.731
119.883
118.808
36.672
119.436
116.097
118.217
63.579
119.902
119.886
40.791
119.812
119.993
119.853
119.861
110.173
119.977
119.291
119.726
119.993
119.612
120.014
119.922
119.888
119.485
118.459
119.756
58.660
114.826
119.863
119.334
119.587
69.736
119.918
119.766
119.687
119.41
118.006
10.474
30.785
112.726
119.884
5.122
100.625
10.349
119.937
86.615
93.084
11.947
119.996
0.600
119.99
46.204
52.199
6.485
6.688
99.225
79.525
13.383
5.320
1.910
7.784
2.988
43.064
5.216
119.972
77.397
45.817
27.034
119.906
120.009
119.961
63.621
119.847
119.666
119.616
120.026
28.855
119.997
119.957
119.84
120.016
120.03
120.061
4.151
10.632
0.674
1.997
2.726
2.584
0.300
54.351
0.943
120.065
120.029
119.783
120.014
120.032
119.946
120.011
119.96
120.015
120.034
119.999
120.046
120.018
120.064
120.062
120.042
120.026
120.088
120.008
120.069
119.852
120.039
28.656
119.995
120.018
120.034
71.608
71.382
120.01
49.768
119.981
120.006
120.023
120.096
41.387
119.82
120.01
120.029
84.815
119.946
120.029
120.028
119.84
22.732
30.451
0.420
0.696
0.926
4.900
51.828
2.179
120.026
7.529
9.080
120.038
120.036
119.99
120.054
120.031
57.336
120.017
119.999
120.013
120.001
120.019
120.008
120.032
120.01
119.92
119.992
120.002
120.007
119.996
120.009
120.05
120.013
120.019
19.510
0.823
119.724
6.194
119.995
9.131
18.687
0.576
120.042
66.745
119.977
120.015
120.284
120.038
119.967
35.823
0.647
1.519
3.646
1.004
1.422
0.297
0.537
18.521
120.046
120.03
120.076
119.977
119.724
119.972
120.022
119.88
120.041
120.063
120.101
119.948
120.039
120.033
119.787
120.017
120.049
120.021
120.035
120.02
120.038
120.033
120.004
120
119.989
119.996
120
120.006
120.014
120.019
120.053
120.055
120.073
120.007
120.008
120.061
120.026
120.032
119.636
119.999
119.734
120.011
120.006
120.035
120.014
120.034
120.002
120.022
120.012
120.003
120.004
120.036
120.006
119.713
120.005
120.009
119.969
119.987
119.999
6.929
120.016
39.239
119.885
19.931
34.531
120.062
120.081
30.871
8.271
7.635
84.73
20.984
47.271
37.766
119.959
85.835
120.026
119.878
119.917
119.918
119.971
120.008
50.415
119.942
120.029
120.009
119.998
120.01
120.008
120.023
120.034
120.033
120.014
1.539
36.597
0.992
1.632
0.086
8.008
119.577
120.042
120.109
120.013
120.022
120.044
120.011
120.019
120.025
120.021
119.959
120.061
120.14
119.982
120.016
119.648
120.022
119.956
119.977
119.895
120.045
119.989
119.779
120.01
120.007
120.044
118.01
119.926
120.004
120.042
119.949
120.023
119.967
120.012
120.018
119.958
120.015
120.029
120.024
119.999
120.012
119.999
120.018
120.012
120.003
120.029
119.946
120.006
119.988
119.986
120.012
120.022
120.035
120.012
120.007
119.936
120.025
120
120.039
120.004
119.587
119.962
119.928
120.03
119.988
119.841
120.002
119.981
119.937
120.002
119.872
120.007
119.979
119.117
119.623
120.008
119.633
115.175
33.401
119.967
119.942
119.96
119.788
107.933
117.573
119.797
120.027
118.583
119.621
119.639
119.976
119.798
119.778
119.937
0.108
0.889
0.077
0.548
0.675
0.500
118.89
118.764
119.984
119.886
120.01
120.063
119.852
7.930
117.592
119.774
120.022
119.97
119.776
120.033
120.025
120.016
119.09
120.013
119.444
119.536
119.866
120.007
119.924
119.944
120.091
119.602
119.931
119.705
119.892
119.946
119.902
119.905
119.29
119.872
22.469
119.975
118.651
119.028
119.87
65.591
119.967
119.925
120.012
119.867
119.96
86.099
108.541
16.450
118.237
119.534
119.995
119.289
119.742
119.773
120.011
100.498
119.754
81.194
119.521
5.039
119.895
104.717
8.813
16.440
49.970
120.04
120
118.322
3.027
6.572
119.271
27.693
119.983
119.757
119.796
119.927
119.955
119.806
119.67
118.892
118.441
120.014
119.814
120
119.948
119.659
31.413
119.969
119.999
120.063
120.031
120.02
119.894
3.301
0.861
0.646
5.783
5.703
119.937
120.044
120.02
119.996
120.003
120.024
120.027
120.049
120.026
120.019
120.042
119.985
120.016
120.026
120.036
119.871
119.988
120.04
120.087
119.867
119.921
120.024
119.896
120.004
119.94
119.816
119.928
119.885
120.001
119.894
119.99
119.972
120.001
119.725
120.006
120.037
119.739
119.24
120.003
120.028
119.912
119.78
119.97
119.983
119.954
119.854
119.952
119.993
119.972
119.977
119.975
119.998
120.015
119.986
120.035
120.008
120.028
120.025
120.032
43.684
120.01
120.007
41.993
119.895
120.025
119.987
120.016
120.015
17.378
46.503
120.017
27.188
119.998
120.005
120.066
120.007
120.025
119.884
119.945
119.969
120.003
119.866
119.921
119.981
120.022
120.049
119.933
120.049
120.05
120.017
120.02
120.029
120.005
5.783
0.076
0.530
10.937
120.076
120.036
120.046
120.083
120.114
120.027
119.986
120.043
120.028
120.045
120.02
120.051
119.989
120.061
120.08
120.036
120.012
120.067
120.019
120.036
120.021
120.001
120.022
120.033
120.019
120.016
120.003
120.003
120.021
120.018
119.99
120.016
120.025
120.03
119.975
120.03
120.045
120.017
120.001
119.896
120.058
119.932
120.023
119.931
119.987
120.002
119.984
119.972
119.998
120.013
120.014
119.991
120.009
119.996
120.019
120.003
120.007
29.302
120.013
13.576
120.025
4.541
79.851
9.965
16.812
120.01
120.052
5.076
4.193
3.504
12.317
8.158
6.588
68.879
103.662
27.920
120.054
119.661
119.843
119.983
119.954
119.999
59.491
120.009
120.017
120.041
120.017
120.01
120.054
120.047
120.05
119.97
120.043
0.398
1.737
1.767
120.027
120.022
120.019
120.004
120.01
120.048
119.979
120.028
119.996
119.965
119.911
119.999
119.968
120.056
120.036
120.008
120.018
120.01
120.039
120.016
119.944
120.045
119.985
119.934
119.985
119.98
120.009
119.983
120.008
118.741
120.04
120.037
120.008
119.997
120
119.924
120.022
119.806
119.907
119.988
119.843
119.444
119.67
119.69
119.682
119.697
119.387
8.256
86.666
119.73
118.961
119.965
66.575
46.807
117.764
119.824
119.672
118.103
120.052
12.767
119.867
119.991
74.16
96.525
3.776
119.981
120.015
46.632
1.368
0.850
43.885
3.094
119.991
34.604
120.01
51.390
42.714
119.898
119.921
119.593
119.497
119.968
119.732
119.505
119.896
119.88
119.826
119.966
120.007
119.965
119.904
119.882
119.973
0.124
1.528
119.552
119.714
119.996
119.974
47.469
119.904
115.878
53.189
117.642
114.88
112.476
114.967
116.78
112.738
117.612
115.966
116.376
119.614
114.662
93.056
119.504
117.568
114.847
110.463
113.617
116.167
118.623
26.525
114.875
112.999
117.924
115.883
113.429
111.626
29.937
117.645
115.234
116.329
115.944
18.002
110.261
110.589
118.321
18.088
113.943
34.455
14.712
6.110
93.106
117.922
90.101
118.049
115.7
115.978
85.641
114.642
114.413
2.557
118.239
3.573
16.142
8.465
1.860
1.078
1.173
6.742
3.112
2.058
1.799
1.585
1.349
1.044
2.329
2.685
12.672
5.985
114.646
115.194
115.304
115.49
108.965
116.659
116.404
112.589
114.68
111.387
72.193
111.919
119.779
114.737
116.621
71.62
111.98
111.216
114.614
115.386
114.185
118.903
110.874
116.031
113.035
113.028
116.496
118.377
113.376
116.012
114.871
113.737
104.798
109.212
119.283
115.146
119.132
113.854
116.166
119.63
116.078
118.166
114.26
116.106
114.835
118.112
115.801
118.794
117.175
116.929
115.543
115.808
119.959
120.009
120.031
120.043
120.029
120.004
120.018
120.064
120.036
120.031
119.703
120.008
120.002
119.947
119.949
120.059
120.013
119.999
119.964
120.016
120.055
119.959
120.072
119.981
120.011
119.987
120.047
100.701
120.021
120.022
119.991
120.034
120.017
120.019
119.995
120.007
120.035
120.036
120.006
120.018
120.037
120.022
120.062
119.996
119.976
120.027
120.003
120.011
120.003
120.001
120.046
120.028
120.008
120.016
120.041
120.101
119.498
119.895
119.938
120.081
119.912
120.102
120.06
120.045
120.067
120.034
120.032
120.036
120.091
120.09
120.066
119.749
120.08
120.098
120.055
119.917
120.091
120.05
120.051
119.907
119.986
119.996
120.006
119.976
120.075
119.97
120.038
120.032
120.012
120.034
120.021
120.054
120.028
120.001
120.036
120.06
120.063
120.016
120.012
120.055
120.026
120.123
120.032
120.039
120.084
120.053
120.124
120.025
120.072
120.05
119.99
120.158
120.026
120.072
120.017
120.049
119.886
120.073
119.996
120.042
119.97
119.641
120.012
120.02
120.08
120.053
120.107
120.006
120.06
120.062
120.018
120.011
119.698
120.032
120.068
120.047
119.912
119.964
120.045
119.94
119.949
119.967
120.017
120.048
120.11
120.039
120.089
120.101
120.085
120.06
120.034
120.209
120.164
120.125
120.083
119.734
120.086
120.119
120.098
120.191
120.15
57.259
120.145
120.158
120.181
120.242
120.242
120.188
120.112
120.172
120.168
120.032
120.088
120.064
120.057
120.116
119.794
120.023
119.975
120.066
119.64
119.723
119.942
111.253
118.231
117.556
118.787
119.799
120.003
120.097
120.056
120.081
120.089
120.092
119.483
119.94
119.103
119.732
120.036
119.92
119.634
119.74
118.722
118.221
118.779
119.685
119.935
119.685
119.766
119.783
119.165
119.263
120.032
119.999
120.026
119.858
120
120.205
119.966
119.772
120.008
120.094
120.053
120.049
120.087
120.081
120.035
120.01
119.818
119.152
120.08
119.901
119.959
119.93
116.836
119.954
120.101
120.036
120.03
120.043
120.017
120.114
120.023
120.06
120.048
9.459
120.074
120.044
119.822
120.013
120.134
120.153
22.482
119.951
120.068
120.179
120.208
119.744
119.124
119.959
120.025
115.72
118.398
120.032
119.868
119.698
119.984
119.977
119.182
119.94
120.075
119.974
119.922
119.993
120.065
120.005
119.836
119.056
120.084
120.026
118.844
119.782
120.055
120.046
120.057
120.027
120.056
119.999
119.249
119.972
120.029
119.915
119.838
119.999
119.877
119.966
120.062
119.697
120.04
120.04
119.998
119.913
119.568
119.805
120.042
119.88
117.741
119.797
119.864
119.981
120.027
119.253
119.833
118.357
114.766
120.031
119.471
119.689
120.086
119.965
119.349
120.092
119.977
118.91
120.013
119.919
119.774
119.68
119.84
120.074
119.594
119.869
120.029
120.033
119.737
11.561
119.947
119.96
120.036
120.066
119.735
120.329
19.092
120.066
120.069
120.098
120.058
111.374
120.188
119.991
119.954
119.816
119.666
119.735
119.081
119.818
119.897
119.804
119.813
119.498
119.52
119.695
119.63
119.532
120.043
119.935
120.039
118.845
118.312
119.998
120.028
119.74
120.04
119.841
118.645
119.68
120.043
119.718
120.013
119.97
42.140
119.99
119.814
119.528
119.603
119.803
119.163
118.11
119.95
120.044
119.374
119.641
120.107
120.014
119.9
119.746
119.721
120.065
120.121
119.576
119.474
119.998
120.028
119.968
120.024
120.039
119.919
119.981
119.718
119.98
119.953
119.318
119.911
120.059
119.689
119.935
119.864
119.98
119.986
119.699
120.053
120.044
119.928
119.789
120.071
60
55.414
37.870
3.809
119.116
44.876
16.547
119.915
7.514
119.794
119.498
119.932
119.99
119.435
66.755
118.126
59.860
118.246
4.651
117.866
120.008
119.85
119.504
19.637
119.748
119.856
117.93
120.052
120.008
87.611
4.810
120.016
120.031
120.018
120.01
26.974
112.806
119.948
119.874
61.524
119.738
3.765
2.151
3.997
25.932
120
56.909
11.870
7.686
25.537
118.65
97.185
19.225
119.614
119.931
0.622
119.885
119.878
119.959
120.052
119.993
120.019
119.836
119.778
119.908
22.863
119.407
119.827
119.673
120.04
119.8
118.872
119.139
119.601
118.081
120.007
119.965
117.913
119.805
119.93
120.004
120.056
119.628
120.016
120.02
120.074
120.07
120.043
120.082
120.042
119.878
119.917
119.819
119.932
81.329
120.07
119.945
120.037
120.174
120.048
120.01
119.844
120.078
119.92
119.914
119.967
119.917
119.948
119.845
118.699
119.905
119.872
120.006
120.006
119.938
119.956
119.754
119.85
117.474
120.124
119.986
120.073
119.79
119.983
119.843
119.933
119.864
119.895
119.639
119.766
119.978
119.648
31.109
119.768
119.436
116.538
119.99
119.945
119.741
119.188
120.024
119.975
120.105
119.811
120.012
120.043
120.043
119.912
120.164
120.166
120.077
119.911
119.741
119.827
120.016
119.733
119.938
120.018
119.905
119.943
119.784
119.968
119.826
119.993
119.732
119.952
119.697
119.934
119.942
119.993
120.036
119.805
119.733
120.077
120.052
120.068
119.996
81.046
119.968
119.753
119.972
120.129
120.145
120.077
119.687
119.547
119.275
29.172
119.78
119.821
119.956
119.738
119.668
119.579
118.611
118.614
116.843
118.347
119.997
120.005
119.167
119.412
119.939
119.948
119.896
120
120.036
120.041
120.067
120.052
120.067
120.015
119.872
119.814
119.943
119.718
119.877
119.311
119.843
19.319
119.485
119.879
119.795
120.035
62.67
119.919
119.898
119.766
119.566
119.841
119.947
119.951
119.866
119.393
119.985
120.049
119.978
119.921
119.876
120.003
119.625
120.025
120.09
119.954
119.867
120
119.89
119.868
119.535
119.707
119.34
119.966
119.799
119.902
119.923
118.624
118.254
118.968
119.982
120.013
118.976
119.831
119.945
120.028
119.748
120.075
120.129
35.233
120.114
120.098
120.139
120.261
119.602
50.246
119.957
105.981
118.411
119.607
119.683
119.93
119.993
119.968
119.742
119.862
119.911
119.819
119.951
118.982
119.864
119.947
119.955
119.952
119.988
120.031
120.082
119.844
119.971
120.05
120.05
120.051
120.008
119.906
120.032
117.304
120.061
119.918
119.968
119.867
119.555
119.804
34.605
119.601
119.69
119.468
119.661
118.64
52.162
119.599
119.624
118.32
118.66
119.873
119.53
119.192
119.723
119.922
119.949
120.025
120.012
120.046
120.068
120.027
120.042
120.074
91.809
119.881
119.697
119.641
119.706
71.81
119.952
119.79
119.782
119.911
120.014
119.934
119.905
120.038
117.973
119.999
120.072
120.118
119.743
119.966
72.834
119.947
120.14
119.851
120.033
120.209
119.358
120.107
119.897
120.042
120.059
120.015
119.792
119.774
119.872
119.593
119.607
119.848
118.705
119.806
119.814
119.913
119.148
117.919
113.764
119.932
119.958
119.754
119.751
120.084
119.985
120.038
120.018
120.018
119.847
120.06
119.99
120.057
120.017
120.021
120.083
119.987
119.44
120.008
119.98
120.054
120.013
120.007
119.876
120.024
120.1
120.031
120.021
120.07
120.074
120.073
120.023
119.991
120.024
119.772
119.868
119.844
119.655
120.069
120.099
119.651
119.627
119.885
119.985
119.992
119.933
119.996
119.878
119.975
119.957
120.06
120.042
120.085
120.058
120.071
120.061
120.083
120.069
120.149
68.862
119.815
120.171
120.071
119.975
120.008
120.082
120.096
120.007
120.086
120.031
120.02
120.021
120.035
120.026
120.02
120.05
120.055
120.041
120.055
120.081
120.028
120.018
120.072
120.029
120.078
120.051
120.022
120.187
120.084
120.042
120.033
120.027
120.041
120.025
119.998
120.055
120.068
120.038
120.022
120.033
120.016
120.048
120.147
120.035
120.068
119.719
119.984
119.878
119.999
119.948
120.031
120.057
120.075
120.111
120.058
120.038
120.026
120.042
120.042
120.043
119.952
119.793
120.048
120.056
26.849
93.163
120.069
5.975
120.008
44.737
119.955
120.222
120.1
120.087
120.05
120.054
117.894
120.04
120.044
120.171
120.141
120.204
120.092
120.312
120.241
120.079
120.071
120.057
120.077
120.07
120.102
120.062
120.015
120.039
120.013
120.035
120.025
120.024
120.053
120.026
120.036
120.003
120.073
120.024
120.026
120.066
120.071
120.088
119.824
119.256
119.956
120.04
120.051
120.031
120.008
120.002
120.029
120.046
119.885
119.988
120.009
120.029
119.878
119.954
120.025
119.73
119.961
119.985
119.936
119.833
120.215
120.185
120.041
120.051
120.03
120.072
120.027
120.053
119.982
119.97
119.94
120.03
119.848
119.934
119.767
120.041
120.043
33.992
119.908
120.069
119.965
119.995
95.844
119.979
120.015
119.951
119.975
119.926
119.975
119.966
119.954
119.783
120.045
49.617
119.604
119.378
120.177
119.406
79.608
120.035
120.009
120.048
119.899
120.029
119.981
120.002
119.958
120.035
120.032
119.902
120.044
120.02
119.874
119.851
119.951
119.821
119.973
119.963
120.044
120.07
119.585
119.999
120.082
120.035
120.042
120.032
120.014
120.104
120.073
120.04
120.11
119.996
120.046
119.746
119.862
119.944
120.013
120.097
119.954
119.966
119.963
119.899
120.048
119.958
120.052
119.703
119.962
119.873
119.938
119.809
119.878
119.716
119.731
119.995
119.789
119.758
120.026
120.006
120.03
59.349
119.884
119.938
77.926
119.968
120.002
120.042
120.075
120.059
120.024
119.971
120.042
120.124
120.059
119.899
119.683
119.983
119.902
119.984
120.043
53.215
120.018
120.036
120.072
120.035
120.034
120.041
120.019
120.007
120.057
119.981
119.935
120.006
120.071
120.066
119.967
119.891
119.944
120.008
119.994
119.964
120.039
120.084
119.962
120.016
119.994
120.003
119.896
119.795
119.964
119.865
119.757
119.738
119.838
119.72
119.722
119.979
119.34
119.956
119.884
119.954
119.986
120.009
119.996
119.991
119.994
120.078
120.01
120.002
120.044
120.07
120.02
119.995
120.006
120.042
120.009
120.03
120.006
119.679
119.649
119.889
119.594
119.655
120.066
119.821
120.011
120.029
119.992
120.039
120.057
119.983
120.049
120.032
120.035
120.145
120.041
120.063
119.678
120.114
119.959
37.733
120.008
120
120.06
119.964
119.577
119.896
119.967
119.892
119.828
119.932
119.747
119.979
119.709
119.826
119.957
119.844
119.96
119.874
120.055
119.979
119.951
119.964
119.989
119.996
119.97
119.94
119.923
120.034
119.978
119.974
120.007
120.24
120.014
120.035
120.009
120.061
120.037
120.043
120.043
119.986
120.053
120.085
120.036
120.042
120.06
120.029
120.032
119.996
120.046
120.129
119.957
120.009
119.86
120.046
120.006
120.001
120.029
119.979
120.044
120.048
119.965
120.013
120.08
120.01
120.051
119.986
120.007
119.981
120.06
120.06
120.056
120.016
120.057
120.037
120.03
120.028
120.246
120.133
120.1
119.96
120.129
120.053
119.918
120.018
119.957
119.929
120.005
119.946
119.731
119.975
119.63
120.023
119.976
119.217
119.822
119.208
119.029
119.03
120.021
120.021
119.916
119.547
119.669
119.965
119.667
120.027
120.02
120.12
120.025
120.053
120.019
119.986
120.069
118.863
120.111
119.828
120.013
120.045
120.042
120.02
119.96
119.813
119.951
119.966
120.144
119.907
120.02
119.816
120.046
120.041
120.103
120.023
120.003
119.898
120.035
119.584
119.82
120.121
120.02
119.834
119.895
120.19
120.092
119.991
119.88
120.075
120.064
120.08
119.925
119.781
119.731
119.707
119.304
118.707
120.066
119.54
119.768
120.111
117.934
119.96
117.987
120.007
119.132
120.067
120.037
120.09
119.969
120.103
120.112
120.043
120.056
120.102
120.122
119.741
119.455
119.867
119.884
119.973
120.033
119.507
119.92
120.117
120.056
120.009
119.997
119.862
119.931
119.971
120.027
119.888
120.062
119.937
120.044
120.032
120.083
119.593
120.024
120.134
120.109
119.97
120.14
119.925
119.816
120.076
119.934
120.153
120.079
119.983
120.046
119.822
119.462
119.921
120.066
119.847
120.011
118.063
118.804
119.255
119.82
117.806
119.819
120.052
119.911
119.916
120.096
116.603
120.069
120.029
120.181
120.159
120.101
120.101
119.883
120.041
120.015
120.099
119.796
119.859
119.919
119.971
119.86
120.028
120.057
119.829
119.874
119.694
120.009
119.938
119.524
119.867
119.809
120.057
120.064
120.114
119.977
119.912
119.793
119.99
120.047
119.936
120.059
119.834
120.017
119.777
120.076
119.09
120.065
120.049
120.017
119.83
119.878
119.757
120.084
119.875
119.559
119.86
119.128
119.457
116.731
118.029
115.571
114.507
119.621
119.147
119.574
119.927
118.682
119.856
119.759
119.729
120.074
120.069
120.092
120.08
119.988
119.997
119.959
119.883
119.981
119.874
119.848
119.932
119.897
120.002
119.912
119.9
120.017
120.211
119.231
119.861
119.809
120.053
119.985
119.753
119.851
119.879
119.875
120.011
120.083
119.936
119.97
119.923
120.012
119.932
120.014
119.924
119.994
120.008
120.041
119.9
120.057
119.643
118.605
64.258
118.889
119.417
118.71
119.598
117.656
119.559
117.188
8.813
119.496
119.237
119.48
120.029
118.384
119.152
117.251
118.953
118.02
118.057
118.945
118.1
117.927
119.933
119.789
120.112
119.861
119.919
116.076
119.083
95.987
115.271
118.154
116.946
119.472
117.974
118.354
118.773
119.378
119.696
120.005
119.316
119.268
118.526
118.102
24.853
118.659
119.638
119.09
118.715
115.266
118.467
115.702
118.086
119.716
117.884
116.927
119.804
119.836
117.51
120.034
120.061
120.019
119.877
120.051
120.013
120.034
120.013
120.019
119.823
119.979
120.077
120.043
120.049
120.004
120.011
120.029
120.069
120.072
120.051
120.03
120.012
120.011
120
120.014
120.102
120.045
120.047
119.988
119.974
119.928
120.021
120.012
120.101
119.957
119.782
120.078
120.026
120.025
120.034
120.017
120.054
120.059
120.088
120.065
120.01
119.884
119.994
120.108
120.087
119.57
119.929
119.981
120.016
49.104
119.681
119.992
119.959
119.988
119.956
119.715
119.894
120.034
120.052
120.03
119.799
120.073
120.043
120.033
119.98
120.058
120.047
119.992
120.029
120.033
120.062
119.928
120.009
119.982
120.017
120.042
120.011
119.913
119.524
119.936
120.039
119.919
120.031
120.026
120.033
120.012
119.898
120.049
120.025
120.026
120.019
120.013
119.982
119.913
119.974
120.025
119.985
120.038
119.874
120.063
120.019
120.032
119
120.003
119.873
119.855
120.086
120.063
119.203
119.989
119.972
120.014
119.518
119.99
120.044
120.14
120.018
120.001
120.027
119.617
120.071
119.997
119.978
120.009
119.995
120.013
120.044
120.002
120.05
120.044
120.005
120.131
120.054
120.028
118.626
120.152
120.098
119.976
120.036
120.044
120.054
119.948
119.971
119.731
120.005
120.026
119.961
120.083
120.079
120.019
120.048
119.999
119.46
119.994
120.026
119.872
119.663
120.042
120.022
120.05
120.102
120.039
120.007
119.843
119.955
119.788
120.149
119.602
119.883
120.005
119.757
119.804
120
119.638
120.024
120.074
119.868
119.803
120.029
120.052
120.051
119.841
119.973
120.051
120.061
120.058
120.017
120
120.016
120.079
119.981
120.018
120.023
119.947
119.92
120.012
120.037
120.062
119.975
120.04
120.018
120.008
120.078
120
119.968
120.041
120.12
120.04
119.957
120.068
120.034
13.354
0.638
0.834
0.487
1.259
0.313
0.478
0.642
0.411
1.408
2.238
2.716
0.460
0.556
0.978
2.486
0.701
0.587
0.829
8.357
120.006
120.046
119.946
119.654
119.942
119.959
119.966
119.652
119.999
120.038
119.998
119.979
119.985
120.025
120.006
119.997
120.028
119.696
119.981
119.875
119.921
119.979
119.995
120.004
119.858
120.055
120.034
119.973
120.015
120.021
119.993
119.998
120.007
120.013
120.035
120.018
0.979
3.252
120.051
2.400
5.202
1.221
8.895
6.895
120.13
114.36
26.290
26.186
4.716
35.565
4.007
7.637
2.963
3.649
3.165
55.912
0.612
2.328
4.506
1.309
0.945
4.427
68.077
1.477
1.276
9.626
104.449
5.347
1.901
1.002
120.037
120.023
120.044
120.028
120.031
120.008
120.002
120.001
120.004
119.731
120.059
120.045
119.942
119.959
120.026
120.015
119.848
120.037
120.037
120.016
119.072
120.051
118.655
119.971
119.945
120.032
120.026
120.06
119.99
120.036
120.035
120.039
119.982
120.042
120.107
120.033
120.053
37.831
3.264
120.015
37.203
120.029
26.113
28.706
120.085
120.047
119.853
120.066
120.067
120.037
120.074
38.361
120.044
0.607
0.702
1.350
0.306
0.303
0.663
0.681
2.027
1.241
2.130
0.359
0.392
1.901
1.502
0.820
0.543
0.361
0.385
119.468
119.042
119.939
119.899
119.974
119.906
119.879
119.99
120.017
119.85
119.934
120.007
119.987
119.979
119.984
119.98
119.97
119.631
119.943
119.868
119.95
120.038
119.958
119.98
119.969
119.911
119.974
119.87
119.976
119.98
119.939
119.968
119.969
120
120.024
120.017
2.680
1.567
120.064
3.163
13.640
2.146
4.179
1.075
120.091
45.705
120.024
120.017
17.865
32.138
3.058
10.155
0.293
3.513
0.543
0.985
0.746
0.760
1.327
0.449
2.673
0.277
0.317
1.935
3.442
0.616
0.989
0.495
3.467
119.545
119.538
119.254
116.407
119.27
118.81
119.014
119.098
118.145
120.001
119.996
119.807
118.997
119.618
119.662
119.79
119.877
120.004
119.94
119.997
119.441
119.917
119.529
120.005
120.022
119.623
119.954
119.97
120.028
119.955
119.992
119.982
120.011
119.883
119.9
120.013
2.825
0.450
119.987
1.374
119.672
7.978
4.134
0.952
119.94
119.956
120.024
119.868
120.015
90.646
14.782
90.398
0.198
0.162
0.181
0.211
0.160
0.329
0.330
0.233
0.472
0.303
0.220
0.313
0.387
0.171
0.469
3.094
118.348
119.277
119.867
119.73
119.87
119.734
119.934
119.935
119.899
118.98
119.979
119.992
119.784
119.98
119.977
119.96
119.992
120.036
119.976
120.01
119.997
120.024
119.986
119.99
119.94
119.997
119.85
119.954
119.99
119.989
120.002
119.965
120.023
120.002
119.98
119.997
0.663
4.719
120.037
1.703
119.313
1.366
69.894
3.191
96.879
33.594
119.999
119.981
21.056
22.266
3.384
4.173
0.196
0.635
0.362
0.191
1.014
0.829
1.201
1.883
0.885
0.979
3.493
0.484
0.216
1.330
120.069
120.03
120.032
120.055
119.953
120.004
119.937
120.019
119.98
120.035
120.009
119.995
120.03
119.958
120.007
119.99
119.91
120.019
120.014
120.014
119.996
120.068
120.076
120.048
120
120.017
120.03
120.008
119.989
119.989
120.068
120.034
119.984
119.988
120.047
119.982
120.065
51.223
33.412
120.048
119.991
120.017
119.95
120.012
120.035
120.082
120.016
120.035
120.024
120.081
120.036
79.694
120.052
0.186
0.310
0.151
0.213
0.419
0.260
0.387
0.388
0.460
0.331
0.250
0.168
0.535
14.391
120.032
120.028
119.645
119.807
119.845
119.976
119.938
91.785
120.006
120.009
119.994
120.031
119.951
120.007
119.999
119.999
120.027
120.054
120.023
119.988
119.998
119.997
119.984
120
119.944
120.044
120.019
119.961
119.962
119.997
119.96
120.048
119.998
119.965
119.989
120.036
13.787
22.704
120.047
10.967
118.522
2.709
40.788
63.336
120.032
17.005
120.009
120.017
120.013
19.730
6.209
1.536
0.470
0.172
0.206
0.353
1.236
0.189
0.148
0.739
0.725
0.481
0.182
0.306
3.531
119.977
120.002
119.911
119.805
119.933
119.919
119.818
120.015
119.979
120.017
120.003
120.032
119.896
119.985
119.994
119.983
120.003
120.055
119.985
120.003
120.002
120.003
119.998
120.052
120.015
120.007
120.015
119.823
119.889
120.028
120.013
119.947
120.036
119.973
119.984
120.003
1.105
1.423
120.005
1.407
54.130
2.314
18.623
5.829
120.084
120.11
14.111
13.905
4.196
29.226
1.407
28.038
0.297
1.478
1.974
1.065
1.438
0.498
0.977
1.395
5.128
0.228
1.357
120.002
120.043
120.007
119.92
120.002
119.829
119.846
119.972
120.004
120.039
120.029
120.033
120.021
119.972
119.98
120.028
120.02
120.045
120.059
119.577
119.77
119.986
119.657
119.719
119.375
119.234
119.746
116.904
119.475
119.367
119.919
119.339
119.961
119.635
120.048
120.034
120.071
35.734
35.069
120.03
120.012
120.017
7.101
120.007
120.084
120.106
119.583
119.829
119.666
120.06
119.929
119.375
119.962
0.310
0.372
0.287
0.652
0.242
0.594
1.542
0.299
0.164
0.371
18.229
119.818
119.978
119.801
119.264
119.951
119.606
119.889
119.786
119.588
119.541
119.676
119.926
119.957
119.691
119.865
119.937
120.001
120.035
119.976
119.958
119.938
119.95
119.987
119.491
119.765
119.894
119.618
119.644
119.761
119.779
119.96
120.001
119.985
119.956
119.964
119.98
12.464
13.681
120.014
8.298
119.279
7.380
75.247
11.561
69.324
3.233
119.982
119.921
18.331
14.457
5.354
3.179
0.543
2.510
0.362
0.275
0.857
1.629
1.144
0.240
0.751
4.722
119.961
120.013
119.85
119.744
120.004
119.91
119.712
119.902
119.927
119.969
119.949
119.839
119.916
119.944
120.014
119.958
120.003
119.963
119.932
119.005
119.983
119.998
119.912
119.898
119.957
119.924
119.908
119.922
119.05
119.866
119.709
120.013
120.038
120.022
120.032
120.021
2.198
17.921
120.006
8.002
78.828
0.527
13.578
65.412
119.986
120.009
112.54
110.33
119.985
119.797
52.271
28.006
2.489
0.540
0.179
1.857
0.850
0.263
0.453
0.464
4.076
119.927
119.728
119.986
119.976
119.882
119.927
119.925
119.947
119.97
119.885
119.977
119.924
119.941
119.967
118.369
117.897
117.011
119.884
119.991
119.933
120.003
119.943
119.292
119.934
119.93
119.582
119.979
119.583
119.731
118.207
119.744
119.924
119.363
119.85
119.409
119.482
1.271
1.013
119.847
1.144
3.528
0.181
3.854
14.986
119.877
103.426
78.974
74.977
57.472
38.742
14.612
9.395
6.367
1.955
3.311
1.968
22.862
0.739
3.393
119.961
119.136
119.776
119.429
119.991
119.509
119.817
119.965
119.886
119.94
119.995
120.01
119.976
119.972
119.98
119.914
119.858
120.078
120.006
119.905
119.047
119.899
119.776
119.772
119.615
116.718
119.964
119.729
119.865
120.04
120.022
119.839
120.034
120.098
119.963
120.017
120.053
119.894
119.862
120.113
119.932
120.075
119.474
120.045
120.265
120.074
120.061
119.95
119.864
119.894
120.016
119.839
50.546
0.176
1.485
3.926
0.881
0.807
0.205
13.548
119.776
119.959
119.948
120.016
119.993
119.353
119.986
119.778
119.796
119.896
120.007
120.029
119.848
119.62
119.914
119.691
119.999
119.989
119.902
119.926
119.908
119.989
119.834
119.298
119.721
119.689
119.545
119.429
119.545
119.539
119.373
119.908
120.045
119.759
119.315
120.018
2.550
0.696
69.409
3.009
54.901
0.429
8.720
78.227
119.995
120.048
120.043
119.838
120.025
120.079
120.007
120.074
0.590
1.837
0.289
0.373
0.768
0.329
119.979
120.007
119.904
119.925
119.883
119.644
119.802
111.002
119.949
119.433
119.557
119.996
120.008
119.961
119.863
119.881
119.882
119.848
119.797
119.854
119.916
120.084
119.871
119.586
119.841
119.782
119.384
119.562
119.269
119.706
119.615
119.279
119.933
120.026
120.001
119.245
0.445
0.167
120.003
0.646
4.697
0.298
1.768
1.100
19.920
11.644
13.181
11.217
2.443
9.797
1.295
1.304
2.099
1.596
0.471
0.919
120.032
120.045
120.018
119.98
119.946
119.995
119.521
119.998
119.996
119.972
120.012
120.059
119.972
119.91
119.637
120.001
119.865
119.734
119.557
119.908
120.017
120.009
119.999
119.646
120.009
119.928
119.967
119.882
119.893
119.909
119.84
119.797
119.812
119.9
119.991
119.791
119.9
1.286
1.030
119.202
0.350
119.561
0.229
15.937
48.837
120.336
120.096
120.024
120.025
119.828
120.103
120.058
120.174
2.920
0.256
3.668
119.955
120.025
119.778
119.748
120.035
120.01
119.992
120.024
120.03
120.07
120.043
119.951
120.016
119.805
119.996
119.979
119.913
119.965
120.017
119.976
120.021
119.99
119.898
120.041
119.515
119.855
119.855
120.025
119.731
119.986
120.028
119.987
120.063
120.028
120.021
120.012
120.077
10.545
2.355
120.033
14.512
119.652
26.249
120.056
120.076
119.949
120.076
120.072
120.106
119.825
88.466
2.596
120.219
0.259
0.372
120.007
120.022
120.06
120.012
120.007
120.007
120.018
120.057
120.026
120.073
120.024
120.038
120.048
120.023
120.123
119.584
120.038
120.046
120.018
120.01
120.036
120.032
120.061
120.007
120.032
120.026
120.08
120.019
120.019
120.006
120.028
120.01
120.012
120.052
120.028
119.718
119.993
44.660
80.999
119.998
46.160
120.026
1.631
120.078
120.04
120.033
120.095
119.66
119.908
120.226
119.959
119.971
120.032
0.393
25.038
120.05
119.83
118.383
119.937
119.946
119.898
119.953
120.011
120.006
120
120.005
119.994
120.014
119.954
119.987
120.002
120.008
120.037
119.999
120.015
119.978
120.017
120.003
120.013
120.011
120.028
120.017
120.003
120.016
120.014
120.019
119.893
119.984
119.856
119.994
120.059
1.774
12.043
120.039
20.282
120.015
14.924
120.021
79.468
17.934
120.02
120.036
119.953
120.026
13.668
2.625
9.799
1.618
120.018
120.044
117.281
117.047
119.957
119.962
119.794
119.977
119.967
119.868
119.921
119.991
119.698
119.844
120.017
119.991
120.037
119.749
119.976
120.049
120.005
120.014
120.018
120.007
120.007
120.098
120.019
119.954
119.954
120.005
120.011
119.985
120.021
120.002
120.026
120.008
0.279
0.221
120.022
0.940
6.682
0.289
19.329
10.966
120.059
86.047
68.724
68.856
26.994
7.640
4.081
11.785
106.793
112.191
0.505
0.337
86.84
70.306
57.730
115.357
116.514
117.432
27.062
118.401
70.843
113.417
117.546
115.19
118.017
117.361
114.182
118.974
106.862
112.626
115.582
115.61
111.536
117.953
114.81
112.579
116.113
108.469
113.436
116.563
112.233
116.325
114.997
116.952
61.898
10.275
116.469
117.354
66.535
39.949
114.694
116.425
117.075
118.282
116.908
116.535
119.096
117.026
117.934
115.357
6.146
116.794
117.635
115.83
118.691
117.596
119.571
108.003
115.102
115.945
114.338
112.046
117.23
118.739
117.277
119.393
117.807
118.75
117.274
111.513
117.01
113.163
114.301
116.768
118.639
114.108
112.39
116.269
118.24
116.291
113.82
119.814
112.892
116.368
114.769
113.938
114.3
113.318
118.592
107.74
117.509
109.771
116.819
115.715
113.631
117.272
118.712
117.066
117.835
117.471
116.443
118.444
116.665
118.098
119.145
114.21
119.003
116.376
118.444
115.728
118.144
114.922
110.849
117.541
115.82
118.783
119.29
117.767
110.345
114.813
117.33
116.106
108.854
115.021
118.534
119.13
118.637
119.704
118.645
119.909
119.763
114.067
108.872
116.174
116.698
118.421
112.044
114.833
106.318
114.298
111.595
113.593
119.998
115.305
116.903
117.029
116.634
114.123
115.407
116.9
118.574
0.641
0.691
0.185
0.167
0.861
27.987
0.266
1.624
0.747
1.801
35.398
25.988
2.255
112.694
116.077
113.56
114.94
116.703
117.649
113.825
118.229
118.781
114.021
119.604
119.427
114.956
115.433
113.923
120.003
119.947
119.987
120.004
119.937
14.955
4.367
119.933
31.854
120.016
25.290
8.306
1.223
18.273
119.701
60.04
60.01
119.848
120.018
2.969
4.142
0.668
0.695
0.133
1.189
17.246
0.163
1.461
1.625
1.189
119.868
80.531
5.941
118.283
119.953
119.938
120.025
119.994
120.021
119.98
119.964
119.986
119.94
119.966
119.922
119.964
119.96
120.009
119.589
119.725
119.947
119.981
119.975
31.331
17.023
119.985
12.054
34.469
119.76
14.800
2.189
35.863
119.418
119.998
120.032
119.866
119.86
12.993
13.995
0.256
0.118
0.392
5.268
0.133
0.771
0.389
0.578
15.616
5.985
1.562
119.208
118.922
14.891
118.941
119.986
120.014
30.425
25.987
119.451
118.373
119.96
117.929
9.691
118.795
61.208
119.546
119.576
117.055
119.89
119.959
5.288
86.721
116.064
47.938
59.592
35.398
119.953
3.012
119.815
113.281
119.474
119.983
119.469
120.029
119.37
55.942
0.184
0.346
11.177
0.121
0.322
0.361
1.727
16.217
7.279
1.795
120.011
119.924
10.859
120.021
119.482
118.114
27.574
46.770
118.894
119.81
119.969
119.598
12.268
119.953
119.754
119.765
119.976
119.977
119.63
120.012
24.564
74.467
103.11
47.737
119.983
49.512
119.906
3.089
120.022
119.946
120.003
120.014
119.912
119.337
120.03
39.175
0.291
8.060
0.136
0.524
0.568
0.661
20.021
22.973
1.919
120.004
120.035
7.627
119.457
119.887
116.1
10.219
37.514
119.532
120.023
119.544
119.857
2.124
120.011
41.361
119.995
119.859
119.863
91.753
120.014
43.330
12.173
118.634
77.962
120.014
15.395
68.958
2.119
120.051
120.049
99.724
101.156
120.061
119.992
119.991
32.003
0.314
0.611
1.493
0.653
0.441
0.501
0.141
0.149
119.991
120.006
119.975
119.978
119.989
120.014
119.483
119.996
120.004
120.016
119.899
119.983
119.969
119.244
119.973
119.998
120.024
119.974
120.002
120.014
72.516
4.850
99.931
13.607
1.093
33.363
29.495
120
119.957
119.956
120.039
120.006
120.044
119.902
119.941
119.97
12.993
21.358
11.475
1.976
15.174
0.725
0.984
120.05
120.038
120.022
120.057
119.989
120.025
119.959
119.785
120.037
120.057
120.044
120.004
120.026
120.013
119.965
120.033
120.035
119.676
120.016
120.101
23.619
4.153
120.067
2.791
52.254
54.359
26.761
119.993
120.058
120.027
119.997
120.047
119.757
119.879
120.025
120.015
0.319
0.787
0.861
100.543
55.560
0.921
120.003
119.974
3.654
120.05
119.875
120.01
119.989
120.015
120.015
120.018
120.081
119.996
19.341
120.009
119.706
120.047
120.056
119.856
120.02
120.064
120
119.181
120.086
120.001
119.503
119.983
120
7.155
120.024
86.953
120.043
120.069
120.018
120.016
120.04
93.715
0.301
0.592
3.617
9.903
22.328
119.632
119.954
119.969
119.996
119.95
120.011
119.973
120.035
120.041
120.036
120.038
120.03
119.996
120.012
120.027
120.013
120.022
119.929
120.013
120.021
52.249
119.995
120.052
108.175
4.842
119.994
33.722
120.022
120.064
119.962
120.102
119.97
120.031
119.963
119.827
120.064
1.502
14.401
0.470
1.131
120.016
119.927
12.811
120.036
120.012
119.879
119.91
120.156
119.995
120.039
120.038
120.004
105.237
120.085
120.07
120.015
120.093
120.041
120.02
120.035
119.969
119.978
120.095
119.997
120.031
119.97
119.983
120.083
120.104
120.02
120.037
120.063
120.026
120.11
120.022
120.065
9.486
4.587
3.135
120.009
120.016
3.029
120.032
119.918
120.029
69.944
119.971
120.011
120.014
120.017
120.054
17.173
120.001
19.758
58.742
120.015
119.83
120.014
120.044
119.632
119.427
119.997
84.295
119.907
119.78
119.926
40.075
119.76
119.862
120.01
120.001
120.003
95.071
120.026
104.978
38.830
4.287
120.034
120.028
120.023
120.053
120.022
120.034
120.006
120.07
120.082
120.136
120.052
120.031
120.032
120.035
120.01
120.013
120.044
120.029
120.02
120.092
119.977
119.99
120.022
120.007
119.982
119.847
119.88
120.011
119.823
120.081
120.042
120.071
120.059
120.02
120.038
120.134
0.602
120.043
120.03
102.904
120.034
120.042
119.981
119.979
120.006
120.074
119.965
120
119.976
119.974
120.017
119.965
120.044
120.016
119.99
120.085
120.024
119.971
119.831
120.038
119.871
51.436
119.98
120.014
120.065
120.054
119.616
120.04
120.041
120.105
120.021
120.079
120.019
120.024
120.031
119.584
120.005
120.014
120.124
120.005
120.009
119.988
120.019
120.023
120.013
119.65
119.91
119.965
119.592
119.984
119.932
120.029
120.074
42.883
89.291
120.025
17.870
120.036
119.956
119.982
119.96
119.922
120.017
120.032
119.894
120.013
120.025
119.904
119.766
19.288
0.517
120.046
39.783
119.972
5.179
102.191
120.037
120.098
116.453
0.221
1.098
120.048
7.581
108.75
120.043
5.495
2.111
120.101
119.983
119.986
120.02
120
120.014
119.991
120.033
120.025
120.067
120.049
120.065
120.061
120.052
120.053
120.087
120.054
0.121
120.058
10.887
120.028
45.172
5.877
120.04
120.046
120.045
0.983
1.129
119.996
12.340
96.295
85.842
2.746
11.191
120.008
119.941
119.975
119.967
119.907
120.02
119.615
119.917
119.902
119.93
119.864
119.849
120.023
120.054
119.98
120.011
120.015
0.363
1.255
1.635
0.374
0.659
4.703
119.998
1.442
0.094
0.413
2.353
0.605
38.226
1.092
0.120
0.111
13.930
3.361
13.914
120.067
6.034
49.426
37.663
57.246
119.969
120.016
119.96
119.875
119.476
119.711
119.864
119.889
119.9
3.991
119.98
12.601
14.557
119.086
119.815
31.748
0.679
0.494
119.634
1.675
54.697
119.987
9.173
17.101
120.169
119.805
119.488
120.054
119.987
117.158
119.991
119.988
119.794
118.051
119.421
118.442
119.723
119.906
119.867
119.511
119.565
2.331
4.411
2.556
4.826
2.007
15.988
1.128
0.253
9.132
2.066
6.867
16.756
13.661
1.108
118.73
119.95
119.918
120.037
119.966
119.639
119.523
119.857
120.014
120.017
119.723
119.798
119.621
119.997
120.032
120.007
120.063
15.882
3.416
4.681
120.041
42.482
3.706
0.253
71.729
8.164
1.071
2.299
108.391
9.591
120.074
120.007
119.944
120.027
120.001
119.817
120.018
120.012
119.948
119.998
119.989
119.962
120.026
120.05
120.015
119.719
120.021
0.806
1.500
1.368
2.343
0.995
0.119
7.509
0.672
1.997
1.605
1.480
4.852
3.549
33.083
119.808
120.013
118.869
119.701
119.993
120.011
120.049
120.006
120.04
120.008
119.991
120.045
120.049
119.951
120.031
34.014
119.795
94.089
0.418
3.069
41.346
2.594
38.924
65.694
2.784
0.896
120
119.984
52.504
119.966
119.984
120.003
119.997
120.046
120.007
119.99
120.024
120.021
120.036
119.999
120.011
120.009
119.91
27.614
10.030
1.134
0.454
59.800
8.976
6.787
120.069
103.258
2.294
120.08
119.983
67.358
120.022
119.798
120.042
119.973
120.017
119.922
120.008
120.051
119.963
120.065
120.047
120.019
120.008
119.787
120.041
0.903
1.942
120.046
102.272
18.991
119.48
120.048
20.048
118.385
119.982
119.986
120.098
119.877
120.005
120
120.03
120.025
120.05
120.022
120.04
120.057
120.083
120.096
120.036
119.723
0.776
0.854
119.972
18.521
68.567
41.904
7.517
1.171
120.05
120.008
119.719
120.076
119.815
120.027
120.002
119.954
120.022
120.003
120.023
120.075
119.955
120.11
120.028
120.067
120.021
0.133
7.415
0.738
0.780
0.800
0.291
0.464
1.132
119.816
119.962
120.012
119.746
119.999
119.742
120.031
119.763
119.79
120.032
119.995
120.023
119.961
119.994
120.009
120.003
1.087
0.785
0.396
0.487
0.148
0.263
2.125
1.651
1.990
119.72
18.320
6.071
22.746
28.329
119.983
120.012
120.011
120.012
120.014
119.909
119.994
119.972
119.983
3.904
17.594
23.740
16.291
2.307
90.878
119.997
119.998
120.036
120.002
120.002
119.414
120.016
119.933
120.051
119.833
119.978
119.728
120.052
120.023
119.919
120.003
9.138
11.083
0.563
0.373
120.005
23.049
29.510
120.072
119.955
119.992
112.095
114.215
116.812
113.111
117.053
116.369
114.516
118.161
118.735
117.921
116.203
3.726
6.330
0.978
116.754
117.502
115.389
111.659
116.941
118.146
116.019
112.179
117.775
113.469
117.165
115.069
117.141
110.516
94.08
113.353
112.287
13.935
2.405
114.536
110.912
118.391
110.09
116.381
117.46
117.874
116.681
116.566
117.701
117.721
115.691
118.337
108.562
118.179
115.879
118.552
15.607
115.055
108.127
114.962
117.216
117.613
117.085
116.365
118.374
118.126
118.665
120.024
120.041
120.093
120.036
120.156
120.048
120.028
113.976
119.887
119.99
120.029
119.956
120.001
119.603
119.417
119.969
119.653
120.087
120.024
119.993
120.177
119.923
120.024
120.065
120.002
119.985
120.114
120.025
120.029
120.032
120.039
119.933
119.986
120.016
120.044
120.051
120.016
120.009
120.055
120.043
0.102
0.319
0.110
2.585
0.105
0.330
8.495
119.939
1.320
119.711
119.94
80.104
74.87
119.556
15.832
0.229
0.112
2.571
0.101
0.496
1.095
119.854
0.369
25.354
25.296
119.363
6.773
5.932
3.940
3.178
70.951
0.252
0.571
120.067
120.047
120.046
120.086
120.058
120.033
120.039
120.024
119.699
0.337
0.360
1.181
5.875
120.006
0.988
120.006
119.981
119.947
26.645
119.996
16.138
2.421
15.520
7.144
120.046
34.468
120
120.007
119.995
120.019
120.005
42.960
0.458
0.463
120.001
0.383
54.228
54.508
119.343
30.551
18.023
3.943
13.598
120.043
2.104
120.069
120.045
119.687
58.313
109.951
14.760
18.883
0.319
12.692
12.888
5.695
5.623
5.136
120.002
13.887
4.204
4.307
24.478
40.727
26.910
63.69
2.392
2.326
3.591
11.017
1.380
103.663
119.966
0.343
3.009
2.847
0.810
0.344
2.912
2.964
0.816
5.271
11.101
1.639
1.105
5.427
2.935
